83.119     0.00     83.178
83.119     0.25     83.175
83.119     0.50     83.18
83.119     0.75     83.181
83.119     1.00     83.186
83.119     1.25     83.192
83.119     1.50     83.202
83.119     1.75     83.281
83.119     2.00     83.61
83.119     2.25     84.482
83.119     2.50     86.079
83.119     2.75     88.572
83.119     3.00     92.178
83.119     3.25     97.047
83.119     3.50     103.185
83.119     3.75     110.398
83.119     4.00     116.552
83.119     4.25     125.789
83.119     4.50     134.243
83.119     4.75     143.898
83.119     5.00     153.378
83.119     5.25     163.455
83.119     5.50     174.11
83.119     5.75     185.2
83.119     6.00     195.4
83.119     6.25     206.657
83.119     6.50     216.893
83.119     6.75     227.434
83.119     7.00     238.36
83.303     0.00     83.34
83.303     0.25     83.353
83.303     0.50     83.354
83.303     0.75     83.356
83.303     1.00     83.365
83.303     1.25     83.365
83.303     1.50     83.398
83.303     1.75     83.432
83.303     2.00     83.733
83.303     2.25     84.447
83.303     2.50     85.832
83.303     2.75     88.119
83.303     3.00     91.428
83.303     3.25     95.744
83.303     3.50     101.372
83.303     3.75     108.055
83.303     4.00     115.379
83.303     4.25     123.878
83.303     4.50     132.654
83.303     4.75     141.82
83.303     5.00     151.663
83.303     5.25     162.045
83.303     5.50     172.748
83.303     5.75     183.545
83.303     6.00     194.573
83.303     6.25     205.878
83.303     6.50     216.62
83.303     6.75     227.745
83.303     7.00     238.32
83.596     0.00     83.618
83.596     0.25     83.633
83.596     0.50     83.637
83.596     0.75     83.629
83.596     1.00     83.63
83.596     1.25     83.635
83.596     1.50     83.657
83.596     1.75     83.746
83.596     2.00     84.071
83.596     2.25     84.905
83.596     2.50     86.182
83.596     2.75     88.245
83.596     3.00     91.435
83.596     3.25     95.215
83.596     3.50     101.229
83.596     3.75     108.776
83.596     4.00     116.283
83.596     4.25     123.668
83.596     4.50     131.931
83.596     4.75     141.143
83.596     5.00     151.152
83.596     5.25     162.584
83.596     5.50     172.165
83.596     5.75     182.577
83.596     6.00     193.212
83.596     6.25     204.492
83.596     6.50     214.878
83.596     6.75     225.88
83.596     7.00     237.595
83.865     0.00     83.897
83.865     0.25     83.902
83.865     0.50     83.902
83.865     0.75     83.905
83.865     1.00     83.901
83.865     1.25     83.893
83.865     1.50     83.913
83.865     1.75     83.954
83.865     2.00     84.202
83.865     2.25     84.94
83.865     2.50     86.207
83.865     2.75     88.45
83.865     3.00     91.704
83.865     3.25     95.924
83.865     3.50     101.518
83.865     3.75     108.022
83.865     4.00     115.378
83.865     4.25     123.962
83.865     4.50     132.931
83.865     4.75     142.956
83.865     5.00     153.165
83.865     5.25     163.788
83.865     5.50     174.937
83.865     5.75     186.14
83.865     6.00     197.675
83.865     6.25     209.221
83.865     6.50     220.65
83.865     6.75     232.52
83.865     7.00     243.985
83.879     0.00     83.912
83.879     0.25     83.914
83.879     0.50     83.905
83.879     0.75     83.9
83.879     1.00     83.916
83.879     1.25     83.92
83.879     1.50     83.924
83.879     1.75     83.989
83.879     2.00     84.256
83.879     2.25     84.989
83.879     2.50     86.367
83.879     2.75     88.71
83.879     3.00     92.038
83.879     3.25     96.511
83.879     3.50     102.322
83.879     3.75     109.567
83.879     4.00     116.322
83.879     4.25     125.095
83.879     4.50     134.679
83.879     4.75     145.288
83.879     5.00     156.204
83.879     5.25     167.023
83.879     5.50     177.431
83.879     5.75     188.54
83.879     6.00     200.071
83.879     6.25     211.67
83.879     6.50     223.234
83.879     6.75     234.91
83.879     7.00     246.62
