73.780     0.00     73.849
73.780     0.25     73.857
73.780     0.50     73.849
73.780     0.75     73.82
73.780     1.00     73.83
73.780     1.25     73.83
73.780     1.50     73.83
73.780     1.75     73.86
73.780     2.00     74.14
73.780     2.25     74.84
73.780     2.50     76.205
73.780     2.75     78.35
73.780     3.00     81.35
73.780     3.25     84.65
73.780     3.50     89.15
73.780     3.75     94.36
73.780     4.00     100.15
73.780     4.25     106.45
73.780     4.50     113.54
73.780     4.75     120.75
73.780     5.00     128.28
73.780     5.25     135.75
73.780     5.50     143.48
73.780     5.75     151.45
73.780     6.00     158.825
73.780     6.25     164.254
73.780     6.50     174.28
73.780     6.75     181.65
73.780     7.00     189.293
69.750     0.00     69.78
69.750     0.25     69.726
69.750     0.50     69.72
69.750     0.75     69.759
69.750     1.00     69.765
69.750     1.25     69.79
69.750     1.50     69.823
69.750     1.75     69.916
69.750     2.00     70.298
69.750     2.25     71.036
69.750     2.50     72.467
69.750     2.75     74.679
69.750     3.00     77.84
69.750     3.25     81.89
69.750     3.50     86.945
69.750     3.75     92.78
69.750     4.00     99.55
69.750     4.25     106.78
69.750     4.50     114.55
69.750     4.75     122.85
69.750     5.00     131.55
69.750     5.25     140.09
69.750     5.50     148.95
69.750     5.75     157.95
69.750     6.00     165.85
69.750     6.25     174.87
69.750     6.50     183.76
69.750     6.75     192.62
69.750     7.00     200.63
71.375     0.00     71.43
71.375     0.25     71.46
71.375     0.50     71.52
71.375     0.75     71.54
71.375     1.00     71.576
71.375     1.25     71.606
71.375     1.50     71.72
71.375     1.75     71.84
71.375     2.00     72.09
71.375     2.25     72.718
71.375     2.50     73.935
71.375     2.75     75.91
71.375     3.00     78.876
71.375     3.25     82.66
71.375     3.50     87.48
71.375     3.75     93.285
71.375     4.00     99.86
71.375     4.25     107.213
71.375     4.50     115.385
71.375     4.75     124.055
71.375     5.00     133.037
71.375     5.25     142.65
71.375     5.50     152.276
71.375     5.75     162.084
71.375     6.00     172.28
71.375     6.25     182.11
71.375     6.50     192.155
71.375     6.75     202.035
71.375     7.00     211.76
72.835     0.00     72.78
72.835     0.25     72.889
72.835     0.50     72.91
72.835     0.75     72.94
72.835     1.00     72.97
72.835     1.25     72.997
72.835     1.50     73.04
72.835     1.75     73.14
72.835     2.00     73.501
72.835     2.25     74.405
72.835     2.50     76.056
72.835     2.75     78.71
72.835     3.00     82.41
72.835     3.25     87.15
72.835     3.50     93.29
72.835     3.75     99.82
72.835     4.00     107.65
72.835     4.25     116.19
72.835     4.50     125.637
72.835     4.75     135.18
72.835     5.00     145.27
72.835     5.25     155.876
72.835     5.50     166.476
72.835     5.75     177.19
72.835     6.00     188.097
72.835     6.25     198.989
72.835     6.50     209.567
72.835     6.75     219.95
72.835     7.00     230.674
75.220     0.00     75.18
75.220     0.25     75.14
75.220     0.50     75.11
75.220     0.75     75.11
75.220     1.00     75.11
75.220     1.25     75.11
75.220     1.50     75.11
75.220     1.75     75.18
75.220     2.00     75.48
75.220     2.25     76.249
75.220     2.50     77.76
75.220     2.75     80.213
75.220     3.00     83.61
75.220     3.25     88.132
75.220     3.50     93.65
75.220     3.75     100.21
75.220     4.00     107.585
75.220     4.25     115.729
75.220     4.50     124.604
75.220     4.75     133.873
75.220     5.00     143.807
75.220     5.25     153.928
75.220     5.50     164.674
75.220     5.75     174.96
75.220     6.00     185.463
75.220     6.25     196.25
75.220     6.50     206.635
75.220     6.75     217.33
75.220     7.00     227.76
75.520     0.00     75.48
75.520     0.25     75.56
75.520     0.50     75.56
75.520     0.75     75.57
75.520     1.00     75.573
75.520     1.25     75.58
75.520     1.50     75.59
75.520     1.75     75.66
75.520     2.00     75.945
75.520     2.25     76.71
75.520     2.50     78.179
75.520     2.75     80.565
75.520     3.00     84.039
75.520     3.25     88.62
75.520     3.50     94.34
75.520     3.75     101.169
75.520     4.00     108.879
75.520     4.25     117.535
75.520     4.50     127.3
75.520     4.75     137.519
75.520     5.00     148.097
75.520     5.25     159.197
75.520     5.50     170.537
75.520     5.75     182.219
75.520     6.00     193.867
75.520     6.25     205.776
75.520     6.50     217.11
75.520     6.75     229.11
75.520     7.00     240.833
75.875     0.00     75.975
75.875     0.25     75.975
75.875     0.50     75.981
75.875     0.75     75.99
75.875     1.00     75.99
75.875     1.25     76
75.875     1.50     76.023
75.875     1.75     76.125
75.875     2.00     76.515
75.875     2.25     77.47
75.875     2.50     79.289
75.875     2.75     82.035
75.875     3.00     85.83
75.875     3.25     90.769
75.875     3.50     96.86
75.875     3.75     103.89
75.875     4.00     111.91
75.875     4.25     120.865
75.875     4.50     130.654
75.875     4.75     140.879
75.875     5.00     151.19
75.875     5.25     162.285
75.875     5.50     173.83
75.875     5.75     185.119
75.875     6.00     196.567
75.875     6.25     208.21
75.875     6.50     219.56
75.875     6.75     231.27
75.875     7.00     242.87
76.780     0.00     76.21
76.780     0.25     76.222
76.780     0.50     76.235
76.780     0.75     76.239
76.780     1.00     76.235
76.780     1.25     76.235
76.780     1.50     76.25
76.780     1.75     76.312
76.780     2.00     76.667
76.780     2.25     77.47
76.780     2.50     77.535
76.780     2.75     79.19
76.780     3.00     81.88
76.780     3.25     85.623
76.780     3.50     90.498
76.780     3.75     96.61
76.780     4.00     103.752
76.780     4.25     111.673
76.780     4.50     125.78
76.780     4.75     139.446
76.780     5.00     151.109
76.780     5.25     160.81
76.780     5.50     171.835
76.780     5.75     183.467
76.780     6.00     194.667
76.780     6.25     206.336
76.780     6.50     217.96
76.780     6.75     229.79
76.780     7.00     241.11
73.950     0.00     73.849
73.950     0.25     73.795
73.950     0.50     73.81
73.950     0.75     73.912
73.950     1.00     73.933
73.950     1.25     73.97
73.950     1.50     74.01
73.950     1.75     74.11
73.950     2.00     74.47
73.950     2.25     75.25
73.950     2.50     76.83
73.950     2.75     79.27
73.950     3.00     82.77
73.950     3.25     87.38
73.950     3.50     93.09
73.950     3.75     99.93
73.950     4.00     107.43
73.950     4.25     115.85
73.950     4.50     125.43
73.950     4.75     135.08
73.950     5.00     145.33
73.950     5.25     156.26
73.950     5.50     167.15
73.950     5.75     178.24
73.950     6.00     189.75
73.950     6.25     201.05
73.950     6.50     212.22
73.950     6.75     223.71
73.950     7.00     235.05
73.040     0.00     71.875
73.040     0.25     71.92
73.040     0.50     71.955
73.040     0.75     71.966
73.040     1.00     71.996
73.040     1.25     72.04
73.040     1.50     72.07
73.040     1.75     72.13
73.040     2.00     72.389
73.040     2.25     72.985
73.040     2.50     74.11
73.040     2.75     75.94
73.040     3.00     78.565
73.040     3.25     81.98
73.040     3.50     86.275
73.040     3.75     91.27
73.040     4.00     96.99
73.040     4.25     103.387
73.040     4.50     110.285
73.040     4.75     117.756
73.040     5.00     125.535
73.040     5.25     133.576
73.040     5.50     141.718
73.040     5.75     150.167
73.040     6.00     158.457
73.040     6.25     166.837
73.040     6.50     175.315
73.040     6.75     183.776
73.040     7.00     192.115
74.254     0.00     74.35
74.254     0.25     74.41
74.254     0.50     74.42
74.254     0.75     74.45
74.254     1.00     74.47
74.254     1.25     74.48
74.254     1.50     74.505
74.254     1.75     74.58
74.254     2.00     74.86
74.254     2.25     75.585
74.254     2.50     76.92
74.254     2.75     79.24
74.254     3.00     82.46
74.254     3.25     86.595
74.254     3.50     91.72
74.254     3.75     97.757
74.254     4.00     105.07
74.254     4.25     112.767
74.254     4.50     121.535
74.254     4.75     130.673
74.254     5.00     140.125
74.254     5.25     149.876
74.254     5.50     159.734
74.254     5.75     169.823
74.254     6.00     179.857
74.254     6.25     189.767
74.254     6.50     200.567
74.254     6.75     210.067
74.254     7.00     221.03
75.710     0.00     75.725
75.627     0.25     75.725
75.627     0.50     75.725
75.627     0.75     75.72
75.627     1.00     75.718
75.627     1.25     75.718
75.627     1.50     75.718
75.627     1.75     75.81
75.627     2.00     76.177
75.627     2.25     77.025
75.627     2.50     78.65
75.627     2.75     81.25
75.627     3.00     84.78
75.627     3.25     89.376
75.627     3.50     95.085
75.627     3.75     101.63
75.627     4.00     109.11
75.627     4.25     117.39
75.627     4.50     126.21
75.627     4.75     135.63
75.627     5.00     145.52
75.627     5.25     155.355
75.627     5.50     165.25
75.627     5.75     175.475
75.627     6.00     185.156
75.627     6.25     195.355
75.627     6.50     205.479
75.627     6.75     215.676
75.627     7.00     225.78
75.780     0.00     75.78
75.780     0.25     75.784
75.780     0.50     75.785
75.780     0.75     75.78
75.780     1.00     75.77
75.780     1.25     75.76
75.780     1.50     75.78
75.780     1.75     75.83
75.780     2.00     76.11
75.780     2.25     76.84
75.780     2.50     78.29
75.780     2.75     80.612
75.780     3.00     83.986
75.780     3.25     88.47
75.780     3.50     94.12
75.780     3.75     100.66
75.780     4.00     108.192
75.780     4.25     116.34
75.780     4.50     125.553
75.780     4.75     135.535
75.780     5.00     145.797
75.780     5.25     156.473
75.780     5.50     167.535
75.780     5.75     178.82
75.780     6.00     189.776
75.780     6.25     201.087
75.780     6.50     212.271
75.780     6.75     223.74
75.780     7.00     234.823
73.430     0.00     70.927
73.430     0.25     71.033
73.430     0.50     71.086
73.430     0.75     71.11
73.430     1.00     71.17
73.430     1.25     71.197
73.430     1.50     71.226
73.430     1.75     71.336
73.430     2.00     71.629
73.430     2.25     72.401
73.430     2.50     73.84
73.430     2.75     76.074
73.430     3.00     79.17
73.430     3.25     83.219
73.430     3.50     88.11
73.430     3.75     93.91
73.430     4.00     100.47
73.430     4.25     107.676
73.430     4.50     115.546
73.430     4.75     123.98
73.430     5.00     132.62
73.430     5.25     141.477
73.430     5.50     150.637
73.430     5.75     159.737
73.430     6.00     169.106
73.430     6.25     177.637
73.430     6.50     186.832
73.430     6.75     195.887
73.430     7.00     204.484
74.385     0.00     73.642
74.385     0.25     73.641
74.385     0.50     73.649
74.385     0.75     73.66
74.385     1.00     73.677
74.385     1.25     73.69
74.385     1.50     73.71
74.385     1.75     73.775
74.385     2.00     74.05
74.385     2.25     74.74
74.385     2.50     76.075
74.385     2.75     78.254
74.385     3.00     81.33
74.385     3.25     85.427
74.385     3.50     90.406
74.385     3.75     96.253
74.385     4.00     103.135
74.385     4.25     110.835
74.385     4.50     119.298
74.385     4.75     127.627
74.385     5.00     136.817
74.385     5.25     145.753
74.385     5.50     155.195
74.385     5.75     164.733
74.385     6.00     174.219
74.385     6.25     183.229
74.385     6.50     193.118
74.385     6.75     202.883
74.385     7.00     208.137
76.080     0.00     75.07
76.080     0.25     75.1
76.080     0.50     75.11
76.080     0.75     75.095
76.080     1.00     75.125
76.080     1.25     75.135
76.080     1.50     75.14
76.080     1.75     75.22
76.080     2.00     75.498
76.080     2.25     76.14
76.080     2.50     77.47
76.080     2.75     79.54
76.080     3.00     82.63
76.080     3.25     86.62
76.080     3.50     91.885
76.080     3.75     97.621
76.080     4.00     104.533
76.080     4.25     112.354
76.080     4.50     120.767
76.080     4.75     129.535
76.080     5.00     138.878
76.080     5.25     148.589
76.080     5.50     158.735
76.080     5.75     169.11
76.080     6.00     179.419
76.080     6.25     189.75
76.080     6.50     200.115
76.080     6.75     210.433
76.080     7.00     220.835
76.163     0.00     75.985
76.163     0.25     75.985
76.163     0.50     76
76.163     0.75     76.015
76.163     1.00     76.019
76.163     1.25     76.015
76.163     1.50     76.03
76.163     1.75     76.107
76.163     2.00     76.405
76.163     2.25     77.18
76.163     2.50     78.712
76.163     2.75     81.13
76.163     3.00     84.608
76.163     3.25     89.282
76.163     3.50     95.04
76.163     3.75     101.84
76.163     4.00     109.82
76.163     4.25     118.222
76.163     4.50     127.832
76.163     4.75     137.776
76.163     5.00     148.339
76.163     5.25     159.656
76.163     5.50     170.763
76.163     5.75     182.545
76.163     6.00     194.443
76.163     6.25     206.111
76.163     6.50     217.763
76.163     6.75     229.543
76.163     7.00     240.674
75.678     0.00     75.71
75.678     0.25     75.71
75.678     0.50     75.71
75.678     0.75     75.702
75.678     1.00     75.69
75.678     1.25     75.68
75.678     1.50     75.695
75.678     1.75     75.76
75.678     2.00     76.08
75.678     2.25     76.905
75.678     2.50     78.494
75.678     2.75     80.983
75.678     3.00     84.559
75.678     3.25     88.935
75.678     3.50     94.72
75.678     3.75     101.543
75.678     4.00     109.437
75.678     4.25     118.12
75.678     4.50     127.573
75.678     4.75     137.635
75.678     5.00     148.545
75.678     5.25     159.633
75.678     5.50     171.109
75.678     5.75     182.634
75.678     6.00     194.125
75.678     6.25     206.093
75.678     6.50     217.76
75.678     6.75     229.335
75.678     7.00     240.886
75.678     0.00     75.134
75.678     0.25     75.13
75.678     0.50     75.096
75.678     0.75     75.097
75.678     1.00     75.099
75.678     1.25     75.083
75.678     1.50     75.085
75.678     1.75     75.175
75.678     2.00     75.502
75.678     2.25     76.373
75.678     2.50     78.07
75.678     2.75     80.607
75.678     3.00     84.41
75.678     3.25     89.488
75.678     3.50     95.54
75.678     3.75     102.797
75.678     4.00     110.929
75.678     4.25     119.983
75.678     4.50     129.987
75.678     4.75     140.556
75.678     5.00     151.65
75.678     5.25     162.89
75.678     5.50     174.767
75.678     5.75     186.765
75.678     6.00     199.111
75.678     6.25     210.88
75.678     6.50     223.11
75.678     6.75     234.767
75.678     7.00     246.82
75.510     0.00     74.922
75.510     0.25     74.92
75.510     0.50     74.921
75.510     0.75     74.92
75.510     1.00     74.92
75.510     1.25     74.925
75.510     1.50     74.925
75.510     1.75     75.007
75.510     2.00     75.355
75.510     2.25     76.241
75.510     2.50     77.965
75.510     2.75     80.623
75.510     3.00     84.287
75.510     3.25     89.32
75.510     3.50     95.11
75.510     3.75     102.331
75.510     4.00     110.336
75.510     4.25     119.115
75.510     4.50     129.08
75.510     4.75     139.436
75.510     5.00     150.04
75.510     5.25     161.09
75.510     5.50     172.667
75.510     5.75     184.433
75.510     6.00     196.45
75.510     6.25     208.11
75.510     6.50     217.444
75.510     6.75     232.167
75.510     7.00     244.02
74.965     0.00     74.976
74.965     0.25     74.97
74.965     0.50     74.984
74.965     0.75     74.976
74.965     1.00     74.96
74.965     1.25     74.976
74.965     1.50     74.986
74.965     1.75     75.04
74.965     2.00     75.307
74.965     2.25     75.99
74.965     2.50     77.367
74.965     2.75     79.57
74.965     3.00     82.7
74.965     3.25     86.875
74.965     3.50     92.146
74.965     3.75     98.18
74.965     4.00     105.22
74.965     4.25     112.765
74.965     4.50     121.223
74.965     4.75     130.12
74.965     5.00     139.656
74.965     5.25     149.213
74.965     5.50     159.05
74.965     5.75     169.63
74.965     6.00     179.88
74.965     6.25     190.24
74.965     6.50     199.678
74.965     6.75     210.76
74.965     7.00     220.48
73.315     0.00     70.94
73.315     0.25     70.96
73.315     0.50     70.984
73.315     0.75     71.007
73.315     1.00     71.02
73.315     1.25     71.025
73.315     1.50     71.04
73.315     1.75     71.12
73.315     2.00     71.35
73.315     2.25     71.94
73.315     2.50     73.11
73.315     2.75     74.97
73.315     3.00     77.76
73.315     3.25     81.55
73.315     3.50     86.359
73.315     3.75     90.62
73.315     4.00     96.3
73.315     4.25     102.55
73.315     4.50     109.65
73.315     4.75     116.75
73.315     5.00     123.65
73.315     5.25     131.45
73.315     5.50     139.654
73.315     5.75     146.793
73.315     6.00     154.55
73.315     6.25     162.759
73.315     6.50     170.837
73.315     6.75     178.754
73.315     7.00     187.253
74.915     0.00     74.315
74.915     0.25     74.325
74.915     0.50     74.347
74.915     0.75     74.355
74.915     1.00     74.38
74.915     1.25     74.394
74.915     1.50     74.425
74.915     1.75     74.457
74.915     2.00     74.669
74.915     2.25     75.21
74.915     2.50     76.307
74.915     2.75     78.155
74.915     3.00     80.822
74.915     3.25     84.424
74.915     3.50     88.915
74.915     3.75     94.34
74.915     4.00     100.624
74.915     4.25     107.585
74.915     4.50     115.223
74.915     4.75     123.74
74.915     5.00     131.574
74.915     5.25     140.215
74.915     5.50     149.335
74.915     5.75     158.337
74.915     6.00     167.845
74.915     6.25     176.847
74.915     6.50     186.21
74.915     6.75     195.637
74.915     7.00     204.768
75.717     0.00     75.24
75.717     0.25     75.26
75.717     0.50     75.27
75.717     0.75     75.275
75.717     1.00     75.279
75.717     1.25     75.285
75.717     1.50     75.31
75.717     1.75     75.39
75.717     2.00     75.902
75.717     2.25     76.57
75.717     2.50     77.885
75.717     2.75     79.98
75.717     3.00     83.081
75.717     3.25     86.978
75.717     3.50     91.924
75.717     3.75     97.865
75.717     4.00     104.751
75.717     4.25     112.384
75.717     4.50     120.878
75.717     4.75     129.547
75.717     5.00     138.867
75.717     5.25     148.549
75.717     5.50     158.781
75.717     5.75     168.925
75.717     6.00     179.21
75.717     6.25     189.437
75.717     6.50     198.837
75.717     6.75     209.231
75.717     7.00     219.12
76.840     0.00     75.73
76.840     0.25     75.73
76.840     0.50     75.729
76.840     0.75     75.723
76.840     1.00     75.723
76.840     1.25     75.715
76.840     1.50     75.725
76.840     1.75     75.786
76.840     2.00     76.05
76.840     2.25     76.767
76.840     2.50     78.22
76.840     2.75     80.531
76.840     3.00     83.975
76.840     3.25     88.495
76.840     3.50     94.328
76.840     3.75     100.99
76.840     4.00     108.678
76.840     4.25     117.323
76.840     4.50     126.773
76.840     4.75     136.947
76.840     5.00     147.39
76.840     5.25     158.225
76.840     5.50     169.645
76.840     5.75     180.576
76.840     6.00     191.88
76.840     6.25     203.667
76.840     6.50     215.37
76.840     6.75     227.105
76.840     7.00     238.347


