83.745    0.00    83.792
83.745    0.25    83.789
83.745    0.50    83.798
83.745    0.75    83.81
83.745    1.00    83.819
83.745    1.25    83.815
83.745    1.50    83.823
83.745    1.75    83.878
83.745    2.00    84.212
83.745    2.25    85.015
83.745    2.50    86.506
83.745    2.75    88.97
83.745    3.00    92.659
83.745    3.25    97.322
83.745    3.50    102.676
83.745    3.75    109.439
83.745    4.00    116.74
83.745    4.25    125.039
83.745    4.50    134.251
83.745    4.75    143.685
83.745    5.00    153.262
83.745    5.25    163.676
83.745    5.50    173.898
83.745    5.75    185.421
83.745    6.00    195.512
83.745    6.25    206.124
83.745    6.50    217.239
83.745    6.75    227.63
83.745    7.00    238.239
83.915    0.00    83.953
83.915    0.25    83.937
83.915    0.50    83.938
83.915    0.75    83.943
83.915    1.00    83.94
83.915    1.25    83.944
83.915    1.50    83.912
83.915    1.75    84.002
83.915    2.00    84.198
83.915    2.25    84.761
83.915    2.50    85.879
83.915    2.75    87.811
83.915    3.00    90.912
83.915    3.25    94.954
83.915    3.50    99.894
83.915    3.75    105.652
83.915    4.00    112.535
83.915    4.25    120.19
83.915    4.50    128.412
83.915    4.75    137.542
83.915    5.00    146.475
83.915    5.25    156.12
83.915    5.50    165.684
83.915    5.75    175.722
83.915    6.00    185.978
83.915    6.25    196.325
83.915    6.50    206.325
83.915    6.75    216.52
83.915    7.00    226.254
83.962    0.00    83.982
83.962    0.25    83.982
83.962    0.50    83.978
83.962    0.75    83.986
83.962    1.00    83.991
83.962    1.25    83.994
83.962    1.50    84.009
83.962    1.75    84.041
83.962    2.00    84.301
83.962    2.25    84.91
83.962    2.50    86.29
83.962    2.75    88.392
83.962    3.00    91.411
83.962    3.25    95.678
83.962    3.50    100.878
83.962    3.75    107.37
83.962    4.00    114.456
83.962    4.25    122.243
83.962    4.50    131.328
83.962    4.75    140.898
83.962    5.00    150.745
83.962    5.25    161.128
83.962    5.50    171.949
83.962    5.75    181.889
83.962    6.00    192.845
83.962    6.25    203.123
83.962    6.50    214.675
83.962    6.75    224.678
83.962    7.00    235.346
84.030    0.00    84.039
84.030    0.25    84.05
84.030    0.50    84.044
84.030    0.75    84.045
84.030    1.00    84.047
84.030    1.25    84.039
84.030    1.50    84.039
84.030    1.75    84.069
84.030    2.00    84.237
84.030    2.25    84.664
84.030    2.50    85.657
84.030    2.75    87.078
84.030    3.00    89.233
84.030    3.25    92.526
84.030    3.50    96.345
84.030    3.75    101.345
84.030    4.00    107.245
84.030    4.25    113.92
84.030    4.50    121.656
84.030    4.75    129.456
84.030    5.00    137.878
84.030    5.25    146.592
84.030    5.50    156.21
84.030    5.75    165.045
84.030    6.00    173.898
84.030    6.25    183.612
84.030    6.50    192.39
84.030    6.75    201.445
84.030    7.00    210.77
84.045    0.00    84.075
84.045    0.25    84.073
84.045    0.50    84.079
84.045    0.75    84.071
84.045    1.00    84.072
84.045    1.25    84.077
84.045    1.50    84.069
84.045    1.75    84.135
84.045    2.00    84.345
84.045    2.25    84.93
84.045    2.50    86.054
84.045    2.75    87.992
84.045    3.00    91.245
84.045    3.25    95.145
84.045    3.50    99.954
84.045    3.75    106.345
84.045    4.00    113.145
84.045    4.25    120.863
84.045    4.50    129.256
84.045    4.75    137.87
84.045    5.00    147.259
84.045    5.25    157.023
84.045    5.50    167.678
84.045    5.75    176.697
84.045    6.00    187.656
84.045    6.25    197.787
84.045    6.50    208.165
84.045    6.75    217.888
84.045    7.00    228.145
