86.328	0.00	86.354
86.328	0.25	86.349
86.328	0.50	86.329
86.328	0.75	86.329
86.328	1.00	86.323
86.328	1.25	86.320
86.328	1.50	86.324
86.328	1.75	86.316
86.328	2.00	86.359
86.328	2.25	86.480
86.328	2.50	86.721
86.328	2.75	87.123
86.328	3.00	87.697
86.328	3.25	88.445
86.328	3.50	89.945
86.328	3.75	90.673
86.328	4.00	92.080
86.328	4.25	93.734
86.328	4.50	95.224
86.328	4.75	97.156
86.328	5.00	99.345
86.328	5.25	101.456
86.328	5.50	103.567
86.328	5.75	106.157
86.328	6.00	108.410
86.328	6.25	110.689
86.328	6.50	113.139
86.328	6.75	115.625
86.328	7.00	118.130
86.490	0.00	86.490
86.490	0.25	86.502
86.490	0.50	86.497
86.490	0.75	86.493
86.490	1.00	86.479
86.490	1.25	86.467
86.490	1.50	86.470
86.490	1.75	86.460
86.490	2.00	86.512
86.490	2.25	86.596
86.490	2.50	86.792
86.490	2.75	87.136
86.490	3.00	87.610
86.490	3.25	88.266
86.490	3.50	89.133
86.490	3.75	90.127
86.490	4.00	91.356
86.490	4.25	92.728
86.490	4.50	94.217
86.490	4.75	95.835
86.490	5.00	97.635
86.490	5.25	99.510
86.490	5.50	101.623
86.490	5.75	103.645
86.490	6.00	105.756
86.490	6.25	107.925
86.490	6.50	110.101
86.490	6.75	112.456
86.490	7.00	114.567
76.673	0.00	76.690
76.673	0.25	76.694
76.673	0.50	76.702
76.673	0.75	76.723
76.673	1.00	76.738
76.673	1.25	76.734
76.673	1.50	76.746
76.673	1.75	76.768
76.673	2.00	76.822
76.673	2.25	76.926
76.673	2.50	77.164
76.673	2.75	77.501
76.673	3.00	78.010
76.673	3.25	78.678
76.673	3.50	79.535
76.673	3.75	80.576
76.673	4.00	81.820
76.673	4.25	83.205
76.673	4.50	84.753
76.673	4.75	86.436
76.673	5.00	88.327
76.673	5.25	90.205
76.673	5.50	92.225
76.673	5.75	94.325
76.673	6.00	96.555
76.673	6.25	98.755
76.673	6.50	101.056
76.673	6.75	103.355
76.673	7.00	105.736
77.222	0.00	77.254
77.222	0.25	77.279
77.222	0.50	77.289
77.222	0.75	77.317
77.222	1.00	77.347
77.222	1.25	77.389
77.222	1.50	77.415
77.222	1.75	77.457
77.222	2.00	77.510
77.222	2.25	77.624
77.222	2.50	77.868
77.222	2.75	78.205
77.222	3.00	78.729
77.222	3.25	79.458
77.222	3.50	80.364
77.222	3.75	81.425
77.222	4.00	82.685
77.222	4.25	84.153
77.222	4.50	85.710
77.222	4.75	87.417
77.222	5.00	89.320
77.222	5.25	91.273
77.222	5.50	93.357
77.222	5.75	95.465
77.222	6.00	97.729
77.222	6.25	101.015
77.222	6.50	102.245
77.222	6.75	104.610
77.222	7.00	107.050
78.169	0.00	78.205
78.169	0.25	78.242
78.169	0.50	78.281
78.169	0.75	78.310
78.169	1.00	78.345
78.169	1.25	78.363
78.169	1.50	78.412
78.169	1.75	78.442
78.169	2.00	78.545
78.169	2.25	78.772
78.169	2.50	79.230
78.169	2.75	79.945
78.169	3.00	81.035
78.169	3.25	82.435
78.169	3.50	84.263
78.169	3.75	86.456
78.169	4.00	88.856
78.169	4.25	91.670
78.169	4.50	94.964
78.169	4.75	98.462
78.169	5.00	102.378
78.169	5.25	106.410
78.169	5.50	110.627
78.169	5.75	114.832
78.169	6.00	119.312
78.169	6.25	124.053
78.169	6.50	128.989
78.169	6.75	133.852
78.169	7.00	138.753
79.185	0.00	79.245
79.185	0.25	79.281
79.185	0.50	79.340
79.185	0.75	79.369
79.185	1.00	79.380
79.185	1.25	79.410
79.185	1.50	79.435
79.185	1.75	79.467
79.185	2.00	79.585
79.185	2.25	79.822
79.185	2.50	80.310
79.185	2.75	81.069
79.185	3.00	82.153
79.185	3.25	83.626
79.185	3.50	85.510
79.185	3.75	87.280
79.185	4.00	90.510
79.185	4.25	93.369
79.185	4.50	96.886
79.185	4.75	100.445
79.185	5.00	104.256
79.185	5.25	108.290
79.185	5.50	112.665
79.185	5.75	117.142
79.185	6.00	121.849
79.185	6.25	127.187
79.185	6.50	131.535
79.185	6.75	136.225
79.185	7.00	141.345
80.028	0.00	80.065
80.028	0.25	80.095
80.028	0.50	80.110
80.028	0.75	80.110
80.028	1.00	80.146
80.028	1.25	80.157
80.028	1.50	80.172
80.028	1.75	80.228
80.028	2.00	80.329
80.028	2.25	80.636
80.028	2.50	81.050
80.028	2.75	81.830
80.028	3.00	82.945
80.028	3.25	84.426
80.028	3.50	86.278
80.028	3.75	88.657
80.028	4.00	91.135
80.028	4.25	94.116
80.028	4.50	97.453
80.028	4.75	101.134
80.028	5.00	105.156
80.028	5.25	109.445
80.028	5.50	113.889
80.028	5.75	118.235
80.028	6.00	122.840
80.028	6.25	127.789
80.028	6.50	132.678
80.028	6.75	137.925
80.028	7.00	142.570
80.790	0.00	80.847
80.790	0.25	80.867
80.790	0.50	80.889
80.790	0.75	80.893
80.790	1.00	80.897
80.790	1.25	80.918
80.790	1.50	80.934
80.790	1.75	80.970
80.790	2.00	81.095
80.790	2.25	81.323
80.790	2.50	81.804
80.790	2.75	82.576
80.790	3.00	83.665
80.790	3.25	85.177
80.790	3.50	87.082
80.790	3.75	89.427
80.790	4.00	92.060
80.790	4.25	95.067
80.790	4.50	98.567
80.790	4.75	102.168
80.790	5.00	106.115
80.790	5.25	110.454
80.790	5.50	114.768
80.790	5.75	119.874
80.790	6.00	124.166
80.790	6.25	129.219
80.790	6.50	134.464
80.790	6.75	139.937
80.790	7.00	145.115
81.535	0.00	81.584
81.535	0.25	81.607
81.535	0.50	81.623
81.535	0.75	81.658
81.535	1.00	81.688
81.535	1.25	81.690
81.535	1.50	81.718
81.535	1.75	81.742
81.535	2.00	81.867
81.535	2.25	82.144
81.535	2.50	82.647
81.535	2.75	83.436
81.535	3.00	84.650
81.535	3.25	86.211
81.535	3.50	88.256
81.535	3.75	90.559
81.535	4.00	93.429
81.535	4.25	96.574
81.535	4.50	100.101
81.535	4.75	104.023
81.535	5.00	108.231
81.535	5.25	112.618
81.535	5.50	117.445
81.535	5.75	122.105
81.535	6.00	127.105
81.535	6.25	132.115
81.535	6.50	137.256
81.535	6.75	142.445
81.535	7.00	147.856
82.978	0.00	82.997
82.978	0.25	82.990
82.978	0.50	82.993
82.978	0.75	83.002
82.978	1.00	83.260
82.978	1.25	83.052
82.978	1.50	83.057
82.978	1.75	83.090
82.978	2.00	83.212
82.978	2.25	83.473
82.978	2.50	83.997
82.978	2.75	84.911
82.978	3.00	86.123
82.978	3.25	87.635
82.978	3.50	89.767
82.978	3.75	92.145
82.978	4.00	94.876
82.978	4.25	98.224
82.978	4.50	101.545
82.978	4.75	105.345
82.978	5.00	109.675
82.978	5.25	113.668
82.978	5.50	117.920
82.978	5.75	122.654
82.978	6.00	127.134
82.978	6.25	132.767
82.978	6.50	137.224
82.978	6.75	142.110
82.978	7.00	147.078
