20180122     165535     P00     4.000     12.325     4.200     73.780     0.00     73.849
20180122     165535     P00     4.000     12.325     4.200     73.780     0.25     73.857
20180122     165535     P00     4.000     12.325     4.200     73.780     0.50     73.849
20180122     165535     P00     4.000     12.325     4.200     73.780     0.75     73.82
20180122     165535     P00     4.000     12.325     4.200     73.780     1.00     73.83
20180122     165535     P00     4.000     12.325     4.200     73.780     1.25     73.83
20180122     165535     P00     4.000     12.325     4.200     73.780     1.50     73.83
20180122     165535     P00     4.000     12.325     4.200     73.780     1.75     73.86
20180122     165535     P00     4.000     12.325     4.200     73.780     2.00     74.14
20180122     165535     P00     4.000     12.325     4.200     73.780     2.25     74.84
20180122     165535     P00     4.000     12.325     4.200     73.780     2.50     76.205
20180122     165535     P00     4.000     12.325     4.200     73.780     2.75     78.35
20180122     165535     P00     4.000     12.325     4.200     73.780     3.00     81.35
20180122     165535     P00     4.000     12.325     4.200     73.780     3.25     84.65
20180122     165535     P00     4.000     12.325     4.200     73.780     3.50     89.15
20180122     165535     P00     4.000     12.325     4.200     73.780     3.75     94.36
20180122     165535     P00     4.000     12.325     4.200     73.780     4.00     100.15
20180122     165535     P00     4.000     12.325     4.200     73.780     4.25     106.45
20180122     165535     P00     4.000     12.325     4.200     73.780     4.50     113.54
20180122     165535     P00     4.000     12.325     4.200     73.780     4.75     120.75
20180122     165535     P00     4.000     12.325     4.200     73.780     5.00     128.28
20180122     165535     P00     4.000     12.325     4.200     73.780     5.25     135.75
20180122     165535     P00     4.000     12.325     4.200     73.780     5.50     143.48
20180122     165535     P00     4.000     12.325     4.200     73.780     5.75     151.45
20180122     165535     P00     4.000     12.325     4.200     73.780     6.00     158.825
20180122     165535     P00     4.000     12.325     4.200     73.780     6.25     164.254
20180122     165535     P00     4.000     12.325     4.200     73.780     6.50     174.28
20180122     165535     P00     4.000     12.325     4.200     73.780     6.75     181.65
20180122     165535     P00     4.000     12.325     4.200     73.780     7.00     189.293
20180123     112025     P01     12.950     12.259     4.200     69.750     0.00     69.78
20180123     112025     P01     12.950     12.259     4.200     69.750     0.25     69.726
20180123     112025     P01     12.950     12.259     4.200     69.750     0.50     69.72
20180123     112025     P01     12.950     12.259     4.200     69.750     0.75     69.759
20180123     112025     P01     12.950     12.259     4.200     69.750     1.00     69.765
20180123     112025     P01     12.950     12.259     4.200     69.750     1.25     69.79
20180123     112025     P01     12.950     12.259     4.200     69.750     1.50     69.823
20180123     112025     P01     12.950     12.259     4.200     69.750     1.75     69.916
20180123     112025     P01     12.950     12.259     4.200     69.750     2.00     70.298
20180123     112025     P01     12.950     12.259     4.200     69.750     2.25     71.036
20180123     112025     P01     12.950     12.259     4.200     69.750     2.50     72.467
20180123     112025     P01     12.950     12.259     4.200     69.750     2.75     74.679
20180123     112025     P01     12.950     12.259     4.200     69.750     3.00     77.84
20180123     112025     P01     12.950     12.259     4.200     69.750     3.25     81.89
20180123     112025     P01     12.950     12.259     4.200     69.750     3.50     86.945
20180123     112025     P01     12.950     12.259     4.200     69.750     3.75     92.78
20180123     112025     P01     12.950     12.259     4.200     69.750     4.00     99.55
20180123     112025     P01     12.950     12.259     4.200     69.750     4.25     106.78
20180123     112025     P01     12.950     12.259     4.200     69.750     4.50     114.55
20180123     112025     P01     12.950     12.259     4.200     69.750     4.75     122.85
20180123     112025     P01     12.950     12.259     4.200     69.750     5.00     131.55
20180123     112025     P01     12.950     12.259     4.200     69.750     5.25     140.09
20180123     112025     P01     12.950     12.259     4.200     69.750     5.50     148.95
20180123     112025     P01     12.950     12.259     4.200     69.750     5.75     157.95
20180123     112025     P01     12.950     12.259     4.200     69.750     6.00     165.85
20180123     112025     P01     12.950     12.259     4.200     69.750     6.25     174.87
20180123     112025     P01     12.950     12.259     4.200     69.750     6.50     183.76
20180123     112025     P01     12.950     12.259     4.200     69.750     6.75     192.62
20180123     112025     P01     12.950     12.259     4.200     69.750     7.00     200.63
20180123     115530     P02     21.900     12.182     4.200     71.375     0.00     71.43
20180123     115530     P02     21.900     12.182     4.200     71.375     0.25     71.46
20180123     115530     P02     21.900     12.182     4.200     71.375     0.50     71.52
20180123     115530     P02     21.900     12.182     4.200     71.375     0.75     71.54
20180123     115530     P02     21.900     12.182     4.200     71.375     1.00     71.576
20180123     115530     P02     21.900     12.182     4.200     71.375     1.25     71.606
20180123     115530     P02     21.900     12.182     4.200     71.375     1.50     71.72
20180123     115530     P02     21.900     12.182     4.200     71.375     1.75     71.84
20180123     115530     P02     21.900     12.182     4.200     71.375     2.00     72.09
20180123     115530     P02     21.900     12.182     4.200     71.375     2.25     72.718
20180123     115530     P02     21.900     12.182     4.200     71.375     2.50     73.935
20180123     115530     P02     21.900     12.182     4.200     71.375     2.75     75.91
20180123     115530     P02     21.900     12.182     4.200     71.375     3.00     78.876
20180123     115530     P02     21.900     12.182     4.200     71.375     3.25     82.66
20180123     115530     P02     21.900     12.182     4.200     71.375     3.50     87.48
20180123     115530     P02     21.900     12.182     4.200     71.375     3.75     93.285
20180123     115530     P02     21.900     12.182     4.200     71.375     4.00     99.86
20180123     115530     P02     21.900     12.182     4.200     71.375     4.25     107.213
20180123     115530     P02     21.900     12.182     4.200     71.375     4.50     115.385
20180123     115530     P02     21.900     12.182     4.200     71.375     4.75     124.055
20180123     115530     P02     21.900     12.182     4.200     71.375     5.00     133.037
20180123     115530     P02     21.900     12.182     4.200     71.375     5.25     142.65
20180123     115530     P02     21.900     12.182     4.200     71.375     5.50     152.276
20180123     115530     P02     21.900     12.182     4.200     71.375     5.75     162.084
20180123     115530     P02     21.900     12.182     4.200     71.375     6.00     172.28
20180123     115530     P02     21.900     12.182     4.200     71.375     6.25     182.11
20180123     115530     P02     21.900     12.182     4.200     71.375     6.50     192.155
20180123     115530     P02     21.900     12.182     4.200     71.375     6.75     202.035
20180123     115530     P02     21.900     12.182     4.200     71.375     7.00     211.76
20180123     111520     P03     4.000     12.280     11.400     72.835     0.00     72.78
20180123     111520     P03     4.000     12.280     11.400     72.835     0.25     72.889
20180123     111520     P03     4.000     12.280     11.400     72.835     0.50     72.91
20180123     111520     P03     4.000     12.280     11.400     72.835     0.75     72.94
20180123     111520     P03     4.000     12.280     11.400     72.835     1.00     72.97
20180123     111520     P03     4.000     12.280     11.400     72.835     1.25     72.997
20180123     111520     P03     4.000     12.280     11.400     72.835     1.50     73.04
20180123     111520     P03     4.000     12.280     11.400     72.835     1.75     73.14
20180123     111520     P03     4.000     12.280     11.400     72.835     2.00     73.501
20180123     111520     P03     4.000     12.280     11.400     72.835     2.25     74.405
20180123     111520     P03     4.000     12.280     11.400     72.835     2.50     76.056
20180123     111520     P03     4.000     12.280     11.400     72.835     2.75     78.71
20180123     111520     P03     4.000     12.280     11.400     72.835     3.00     82.41
20180123     111520     P03     4.000     12.280     11.400     72.835     3.25     87.15
20180123     111520     P03     4.000     12.280     11.400     72.835     3.50     93.29
20180123     111520     P03     4.000     12.280     11.400     72.835     3.75     99.82
20180123     111520     P03     4.000     12.280     11.400     72.835     4.00     107.65
20180123     111520     P03     4.000     12.280     11.400     72.835     4.25     116.19
20180123     111520     P03     4.000     12.280     11.400     72.835     4.50     125.637
20180123     111520     P03     4.000     12.280     11.400     72.835     4.75     135.18
20180123     111520     P03     4.000     12.280     11.400     72.835     5.00     145.27
20180123     111520     P03     4.000     12.280     11.400     72.835     5.25     155.876
20180123     111520     P03     4.000     12.280     11.400     72.835     5.50     166.476
20180123     111520     P03     4.000     12.280     11.400     72.835     5.75     177.19
20180123     111520     P03     4.000     12.280     11.400     72.835     6.00     188.097
20180123     111520     P03     4.000     12.280     11.400     72.835     6.25     198.989
20180123     111520     P03     4.000     12.280     11.400     72.835     6.50     209.567
20180123     111520     P03     4.000     12.280     11.400     72.835     6.75     219.95
20180123     111520     P03     4.000     12.280     11.400     72.835     7.00     230.674
20180123     140720     P04     12.950     12.212     11.400     75.220     0.00     75.18
20180123     140720     P04     12.950     12.212     11.400     75.220     0.25     75.14
20180123     140720     P04     12.950     12.212     11.400     75.220     0.50     75.11
20180123     140720     P04     12.950     12.212     11.400     75.220     0.75     75.11
20180123     140720     P04     12.950     12.212     11.400     75.220     1.00     75.11
20180123     140720     P04     12.950     12.212     11.400     75.220     1.25     75.11
20180123     140720     P04     12.950     12.212     11.400     75.220     1.50     75.11
20180123     140720     P04     12.950     12.212     11.400     75.220     1.75     75.18
20180123     140720     P04     12.950     12.212     11.400     75.220     2.00     75.48
20180123     140720     P04     12.950     12.212     11.400     75.220     2.25     76.249
20180123     140720     P04     12.950     12.212     11.400     75.220     2.50     77.76
20180123     140720     P04     12.950     12.212     11.400     75.220     2.75     80.213
20180123     140720     P04     12.950     12.212     11.400     75.220     3.00     83.61
20180123     140720     P04     12.950     12.212     11.400     75.220     3.25     88.132
20180123     140720     P04     12.950     12.212     11.400     75.220     3.50     93.65
20180123     140720     P04     12.950     12.212     11.400     75.220     3.75     100.21
20180123     140720     P04     12.950     12.212     11.400     75.220     4.00     107.585
20180123     140720     P04     12.950     12.212     11.400     75.220     4.25     115.729
20180123     140720     P04     12.950     12.212     11.400     75.220     4.50     124.604
20180123     140720     P04     12.950     12.212     11.400     75.220     4.75     133.873
20180123     140720     P04     12.950     12.212     11.400     75.220     5.00     143.807
20180123     140720     P04     12.950     12.212     11.400     75.220     5.25     153.928
20180123     140720     P04     12.950     12.212     11.400     75.220     5.50     164.674
20180123     140720     P04     12.950     12.212     11.400     75.220     5.75     174.96
20180123     140720     P04     12.950     12.212     11.400     75.220     6.00     185.463
20180123     140720     P04     12.950     12.212     11.400     75.220     6.25     196.25
20180123     140720     P04     12.950     12.212     11.400     75.220     6.50     206.635
20180123     140720     P04     12.950     12.212     11.400     75.220     6.75     217.33
20180123     140720     P04     12.950     12.212     11.400     75.220     7.00     227.76
20180123     142630     P05     21.900     12.142     11.400     75.520     0.00     75.48
20180123     142630     P05     21.900     12.142     11.400     75.520     0.25     75.56
20180123     142630     P05     21.900     12.142     11.400     75.520     0.50     75.56
20180123     142630     P05     21.900     12.142     11.400     75.520     0.75     75.57
20180123     142630     P05     21.900     12.142     11.400     75.520     1.00     75.573
20180123     142630     P05     21.900     12.142     11.400     75.520     1.25     75.58
20180123     142630     P05     21.900     12.142     11.400     75.520     1.50     75.59
20180123     142630     P05     21.900     12.142     11.400     75.520     1.75     75.66
20180123     142630     P05     21.900     12.142     11.400     75.520     2.00     75.945
20180123     142630     P05     21.900     12.142     11.400     75.520     2.25     76.71
20180123     142630     P05     21.900     12.142     11.400     75.520     2.50     78.179
20180123     142630     P05     21.900     12.142     11.400     75.520     2.75     80.565
20180123     142630     P05     21.900     12.142     11.400     75.520     3.00     84.039
20180123     142630     P05     21.900     12.142     11.400     75.520     3.25     88.62
20180123     142630     P05     21.900     12.142     11.400     75.520     3.50     94.34
20180123     142630     P05     21.900     12.142     11.400     75.520     3.75     101.169
20180123     142630     P05     21.900     12.142     11.400     75.520     4.00     108.879
20180123     142630     P05     21.900     12.142     11.400     75.520     4.25     117.535
20180123     142630     P05     21.900     12.142     11.400     75.520     4.50     127.3
20180123     142630     P05     21.900     12.142     11.400     75.520     4.75     137.519
20180123     142630     P05     21.900     12.142     11.400     75.520     5.00     148.097
20180123     142630     P05     21.900     12.142     11.400     75.520     5.25     159.197
20180123     142630     P05     21.900     12.142     11.400     75.520     5.50     170.537
20180123     142630     P05     21.900     12.142     11.400     75.520     5.75     182.219
20180123     142630     P05     21.900     12.142     11.400     75.520     6.00     193.867
20180123     142630     P05     21.900     12.142     11.400     75.520     6.25     205.776
20180123     142630     P05     21.900     12.142     11.400     75.520     6.50     217.11
20180123     142630     P05     21.900     12.142     11.400     75.520     6.75     229.11
20180123     142630     P05     21.900     12.142     11.400     75.520     7.00     240.833
20180123     144550     P06     4.000     12.241     18.600     75.875     0.00     75.975
20180123     144550     P06     4.000     12.241     18.600     75.875     0.25     75.975
20180123     144550     P06     4.000     12.241     18.600     75.875     0.50     75.981
20180123     144550     P06     4.000     12.241     18.600     75.875     0.75     75.99
20180123     144550     P06     4.000     12.241     18.600     75.875     1.00     75.99
20180123     144550     P06     4.000     12.241     18.600     75.875     1.25     76
20180123     144550     P06     4.000     12.241     18.600     75.875     1.50     76.023
20180123     144550     P06     4.000     12.241     18.600     75.875     1.75     76.125
20180123     144550     P06     4.000     12.241     18.600     75.875     2.00     76.515
20180123     144550     P06     4.000     12.241     18.600     75.875     2.25     77.47
20180123     144550     P06     4.000     12.241     18.600     75.875     2.50     79.289
20180123     144550     P06     4.000     12.241     18.600     75.875     2.75     82.035
20180123     144550     P06     4.000     12.241     18.600     75.875     3.00     85.83
20180123     144550     P06     4.000     12.241     18.600     75.875     3.25     90.769
20180123     144550     P06     4.000     12.241     18.600     75.875     3.50     96.86
20180123     144550     P06     4.000     12.241     18.600     75.875     3.75     103.89
20180123     144550     P06     4.000     12.241     18.600     75.875     4.00     111.91
20180123     144550     P06     4.000     12.241     18.600     75.875     4.25     120.865
20180123     144550     P06     4.000     12.241     18.600     75.875     4.50     130.654
20180123     144550     P06     4.000     12.241     18.600     75.875     4.75     140.879
20180123     144550     P06     4.000     12.241     18.600     75.875     5.00     151.19
20180123     144550     P06     4.000     12.241     18.600     75.875     5.25     162.285
20180123     144550     P06     4.000     12.241     18.600     75.875     5.50     173.83
20180123     144550     P06     4.000     12.241     18.600     75.875     5.75     185.119
20180123     144550     P06     4.000     12.241     18.600     75.875     6.00     196.567
20180123     144550     P06     4.000     12.241     18.600     75.875     6.25     208.21
20180123     144550     P06     4.000     12.241     18.600     75.875     6.50     219.56
20180123     144550     P06     4.000     12.241     18.600     75.875     6.75     231.27
20180123     144550     P06     4.000     12.241     18.600     75.875     7.00     242.87
20180123     151530     P07     12.950     12.169     18.600     76.780     0.00     76.21
20180123     151530     P07     12.950     12.169     18.600     76.780     0.25     76.222
20180123     151530     P07     12.950     12.169     18.600     76.780     0.50     76.235
20180123     151530     P07     12.950     12.169     18.600     76.780     0.75     76.239
20180123     151530     P07     12.950     12.169     18.600     76.780     1.00     76.235
20180123     151530     P07     12.950     12.169     18.600     76.780     1.25     76.235
20180123     151530     P07     12.950     12.169     18.600     76.780     1.50     76.25
20180123     151530     P07     12.950     12.169     18.600     76.780     1.75     76.312
20180123     151530     P07     12.950     12.169     18.600     76.780     2.00     76.667
20180123     151530     P07     12.950     12.169     18.600     76.780     2.25     77.47
20180123     151530     P07     12.950     12.169     18.600     76.780     2.50     77.535
20180123     151530     P07     12.950     12.169     18.600     76.780     2.75     79.19
20180123     151530     P07     12.950     12.169     18.600     76.780     3.00     81.88
20180123     151530     P07     12.950     12.169     18.600     76.780     3.25     85.623
20180123     151530     P07     12.950     12.169     18.600     76.780     3.50     90.498
20180123     151530     P07     12.950     12.169     18.600     76.780     3.75     96.61
20180123     151530     P07     12.950     12.169     18.600     76.780     4.00     103.752
20180123     151530     P07     12.950     12.169     18.600     76.780     4.25     111.673
20180123     151530     P07     12.950     12.169     18.600     76.780     4.50     125.78
20180123     151530     P07     12.950     12.169     18.600     76.780     4.75     139.446
20180123     151530     P07     12.950     12.169     18.600     76.780     5.00     151.109
20180123     151530     P07     12.950     12.169     18.600     76.780     5.25     160.81
20180123     151530     P07     12.950     12.169     18.600     76.780     5.50     171.835
20180123     151530     P07     12.950     12.169     18.600     76.780     5.75     183.467
20180123     151530     P07     12.950     12.169     18.600     76.780     6.00     194.667
20180123     151530     P07     12.950     12.169     18.600     76.780     6.25     206.336
20180123     151530     P07     12.950     12.169     18.600     76.780     6.50     217.96
20180123     151530     P07     12.950     12.169     18.600     76.780     6.75     229.79
20180123     151530     P07     12.950     12.169     18.600     76.780     7.00     241.11
20180122     181055     P08     21.900     12.104     18.600     73.950     0.00     73.849
20180122     181055     P08     21.900     12.104     18.600     73.950     0.25     73.795
20180122     181055     P08     21.900     12.104     18.600     73.950     0.50     73.81
20180122     181055     P08     21.900     12.104     18.600     73.950     0.75     73.912
20180122     181055     P08     21.900     12.104     18.600     73.950     1.00     73.933
20180122     181055     P08     21.900     12.104     18.600     73.950     1.25     73.97
20180122     181055     P08     21.900     12.104     18.600     73.950     1.50     74.01
20180122     181055     P08     21.900     12.104     18.600     73.950     1.75     74.11
20180122     181055     P08     21.900     12.104     18.600     73.950     2.00     74.47
20180122     181055     P08     21.900     12.104     18.600     73.950     2.25     75.25
20180122     181055     P08     21.900     12.104     18.600     73.950     2.50     76.83
20180122     181055     P08     21.900     12.104     18.600     73.950     2.75     79.27
20180122     181055     P08     21.900     12.104     18.600     73.950     3.00     82.77
20180122     181055     P08     21.900     12.104     18.600     73.950     3.25     87.38
20180122     181055     P08     21.900     12.104     18.600     73.950     3.50     93.09
20180122     181055     P08     21.900     12.104     18.600     73.950     3.75     99.93
20180122     181055     P08     21.900     12.104     18.600     73.950     4.00     107.43
20180122     181055     P08     21.900     12.104     18.600     73.950     4.25     115.85
20180122     181055     P08     21.900     12.104     18.600     73.950     4.50     125.43
20180122     181055     P08     21.900     12.104     18.600     73.950     4.75     135.08
20180122     181055     P08     21.900     12.104     18.600     73.950     5.00     145.33
20180122     181055     P08     21.900     12.104     18.600     73.950     5.25     156.26
20180122     181055     P08     21.900     12.104     18.600     73.950     5.50     167.15
20180122     181055     P08     21.900     12.104     18.600     73.950     5.75     178.24
20180122     181055     P08     21.900     12.104     18.600     73.950     6.00     189.75
20180122     181055     P08     21.900     12.104     18.600     73.950     6.25     201.05
20180122     181055     P08     21.900     12.104     18.600     73.950     6.50     212.22
20180122     181055     P08     21.900     12.104     18.600     73.950     6.75     223.71
20180122     181055     P08     21.900     12.104     18.600     73.950     7.00     235.05
20180124     121055     P09     8.475     12.269     7.800     73.040     0.00     71.875
20180124     121055     P09     8.475     12.269     7.800     73.040     0.25     71.92
20180124     121055     P09     8.475     12.269     7.800     73.040     0.50     71.955
20180124     121055     P09     8.475     12.269     7.800     73.040     0.75     71.966
20180124     121055     P09     8.475     12.269     7.800     73.040     1.00     71.996
20180124     121055     P09     8.475     12.269     7.800     73.040     1.25     72.04
20180124     121055     P09     8.475     12.269     7.800     73.040     1.50     72.07
20180124     121055     P09     8.475     12.269     7.800     73.040     1.75     72.13
20180124     121055     P09     8.475     12.269     7.800     73.040     2.00     72.389
20180124     121055     P09     8.475     12.269     7.800     73.040     2.25     72.985
20180124     121055     P09     8.475     12.269     7.800     73.040     2.50     74.11
20180124     121055     P09     8.475     12.269     7.800     73.040     2.75     75.94
20180124     121055     P09     8.475     12.269     7.800     73.040     3.00     78.565
20180124     121055     P09     8.475     12.269     7.800     73.040     3.25     81.98
20180124     121055     P09     8.475     12.269     7.800     73.040     3.50     86.275
20180124     121055     P09     8.475     12.269     7.800     73.040     3.75     91.27
20180124     121055     P09     8.475     12.269     7.800     73.040     4.00     96.99
20180124     121055     P09     8.475     12.269     7.800     73.040     4.25     103.387
20180124     121055     P09     8.475     12.269     7.800     73.040     4.50     110.285
20180124     121055     P09     8.475     12.269     7.800     73.040     4.75     117.756
20180124     121055     P09     8.475     12.269     7.800     73.040     5.00     125.535
20180124     121055     P09     8.475     12.269     7.800     73.040     5.25     133.576
20180124     121055     P09     8.475     12.269     7.800     73.040     5.50     141.718
20180124     121055     P09     8.475     12.269     7.800     73.040     5.75     150.167
20180124     121055     P09     8.475     12.269     7.800     73.040     6.00     158.457
20180124     121055     P09     8.475     12.269     7.800     73.040     6.25     166.837
20180124     121055     P09     8.475     12.269     7.800     73.040     6.50     175.315
20180124     121055     P09     8.475     12.269     7.800     73.040     6.75     183.776
20180124     121055     P09     8.475     12.269     7.800     73.040     7.00     192.115
20180124     131535     P10     17.425     12.199     7.800     74.254     0.00     74.35
20180124     131535     P10     17.425     12.199     7.800     74.254     0.25     74.41
20180124     131535     P10     17.425     12.199     7.800     74.254     0.50     74.42
20180124     131535     P10     17.425     12.199     7.800     74.254     0.75     74.45
20180124     131535     P10     17.425     12.199     7.800     74.254     1.00     74.47
20180124     131535     P10     17.425     12.199     7.800     74.254     1.25     74.48
20180124     131535     P10     17.425     12.199     7.800     74.254     1.50     74.505
20180124     131535     P10     17.425     12.199     7.800     74.254     1.75     74.58
20180124     131535     P10     17.425     12.199     7.800     74.254     2.00     74.86
20180124     131535     P10     17.425     12.199     7.800     74.254     2.25     75.585
20180124     131535     P10     17.425     12.199     7.800     74.254     2.50     76.92
20180124     131535     P10     17.425     12.199     7.800     74.254     2.75     79.24
20180124     131535     P10     17.425     12.199     7.800     74.254     3.00     82.46
20180124     131535     P10     17.425     12.199     7.800     74.254     3.25     86.595
20180124     131535     P10     17.425     12.199     7.800     74.254     3.50     91.72
20180124     131535     P10     17.425     12.199     7.800     74.254     3.75     97.757
20180124     131535     P10     17.425     12.199     7.800     74.254     4.00     105.07
20180124     131535     P10     17.425     12.199     7.800     74.254     4.25     112.767
20180124     131535     P10     17.425     12.199     7.800     74.254     4.50     121.535
20180124     131535     P10     17.425     12.199     7.800     74.254     4.75     130.673
20180124     131535     P10     17.425     12.199     7.800     74.254     5.00     140.125
20180124     131535     P10     17.425     12.199     7.800     74.254     5.25     149.876
20180124     131535     P10     17.425     12.199     7.800     74.254     5.50     159.734
20180124     131535     P10     17.425     12.199     7.800     74.254     5.75     169.823
20180124     131535     P10     17.425     12.199     7.800     74.254     6.00     179.857
20180124     131535     P10     17.425     12.199     7.800     74.254     6.25     189.767
20180124     131535     P10     17.425     12.199     7.800     74.254     6.50     200.567
20180124     131535     P10     17.425     12.199     7.800     74.254     6.75     210.067
20180124     131535     P10     17.425     12.199     7.800     74.254     7.00     221.03
20180124     154025     P11     8.475     12.226     15.000     75.710     0.00     75.725
20180124     154025     P11     8.475     12.226     15.000     75.627     0.25     75.725
20180124     154025     P11     8.475     12.226     15.000     75.627     0.50     75.725
20180124     154025     P11     8.475     12.226     15.000     75.627     0.75     75.72
20180124     154025     P11     8.475     12.226     15.000     75.627     1.00     75.718
20180124     154025     P11     8.475     12.226     15.000     75.627     1.25     75.718
20180124     154025     P11     8.475     12.226     15.000     75.627     1.50     75.718
20180124     154025     P11     8.475     12.226     15.000     75.627     1.75     75.81
20180124     154025     P11     8.475     12.226     15.000     75.627     2.00     76.177
20180124     154025     P11     8.475     12.226     15.000     75.627     2.25     77.025
20180124     154025     P11     8.475     12.226     15.000     75.627     2.50     78.65
20180124     154025     P11     8.475     12.226     15.000     75.627     2.75     81.25
20180124     154025     P11     8.475     12.226     15.000     75.627     3.00     84.78
20180124     154025     P11     8.475     12.226     15.000     75.627     3.25     89.376
20180124     154025     P11     8.475     12.226     15.000     75.627     3.50     95.085
20180124     154025     P11     8.475     12.226     15.000     75.627     3.75     101.63
20180124     154025     P11     8.475     12.226     15.000     75.627     4.00     109.11
20180124     154025     P11     8.475     12.226     15.000     75.627     4.25     117.39
20180124     154025     P11     8.475     12.226     15.000     75.627     4.50     126.21
20180124     154025     P11     8.475     12.226     15.000     75.627     4.75     135.63
20180124     154025     P11     8.475     12.226     15.000     75.627     5.00     145.52
20180124     154025     P11     8.475     12.226     15.000     75.627     5.25     155.355
20180124     154025     P11     8.475     12.226     15.000     75.627     5.50     165.25
20180124     154025     P11     8.475     12.226     15.000     75.627     5.75     175.475
20180124     154025     P11     8.475     12.226     15.000     75.627     6.00     185.156
20180124     154025     P11     8.475     12.226     15.000     75.627     6.25     195.355
20180124     154025     P11     8.475     12.226     15.000     75.627     6.50     205.479
20180124     154025     P11     8.475     12.226     15.000     75.627     6.75     215.676
20180124     154025     P11     8.475     12.226     15.000     75.627     7.00     225.78
20180124     161545     P12     17.425     12.157     15.000     75.780     0.00     75.78
20180124     161545     P12     17.425     12.157     15.000     75.780     0.25     75.784
20180124     161545     P12     17.425     12.157     15.000     75.780     0.50     75.785
20180124     161545     P12     17.425     12.157     15.000     75.780     0.75     75.78
20180124     161545     P12     17.425     12.157     15.000     75.780     1.00     75.77
20180124     161545     P12     17.425     12.157     15.000     75.780     1.25     75.76
20180124     161545     P12     17.425     12.157     15.000     75.780     1.50     75.78
20180124     161545     P12     17.425     12.157     15.000     75.780     1.75     75.83
20180124     161545     P12     17.425     12.157     15.000     75.780     2.00     76.11
20180124     161545     P12     17.425     12.157     15.000     75.780     2.25     76.84
20180124     161545     P12     17.425     12.157     15.000     75.780     2.50     78.29
20180124     161545     P12     17.425     12.157     15.000     75.780     2.75     80.612
20180124     161545     P12     17.425     12.157     15.000     75.780     3.00     83.986
20180124     161545     P12     17.425     12.157     15.000     75.780     3.25     88.47
20180124     161545     P12     17.425     12.157     15.000     75.780     3.50     94.12
20180124     161545     P12     17.425     12.157     15.000     75.780     3.75     100.66
20180124     161545     P12     17.425     12.157     15.000     75.780     4.00     108.192
20180124     161545     P12     17.425     12.157     15.000     75.780     4.25     116.34
20180124     161545     P12     17.425     12.157     15.000     75.780     4.50     125.553
20180124     161545     P12     17.425     12.157     15.000     75.780     4.75     135.535
20180124     161545     P12     17.425     12.157     15.000     75.780     5.00     145.797
20180124     161545     P12     17.425     12.157     15.000     75.780     5.25     156.473
20180124     161545     P12     17.425     12.157     15.000     75.780     5.50     167.535
20180124     161545     P12     17.425     12.157     15.000     75.780     5.75     178.82
20180124     161545     P12     17.425     12.157     15.000     75.780     6.00     189.776
20180124     161545     P12     17.425     12.157     15.000     75.780     6.25     201.087
20180124     161545     P12     17.425     12.157     15.000     75.780     6.50     212.271
20180124     161545     P12     17.425     12.157     15.000     75.780     6.75     223.74
20180124     161545     P12     17.425     12.157     15.000     75.780     7.00     234.823
20180125     113245     P13     8.475     12.292     4.200     73.430     0.00     70.927
20180125     113245     P13     8.475     12.292     4.200     73.430     0.25     71.033
20180125     113245     P13     8.475     12.292     4.200     73.430     0.50     71.086
20180125     113245     P13     8.475     12.292     4.200     73.430     0.75     71.11
20180125     113245     P13     8.475     12.292     4.200     73.430     1.00     71.17
20180125     113245     P13     8.475     12.292     4.200     73.430     1.25     71.197
20180125     113245     P13     8.475     12.292     4.200     73.430     1.50     71.226
20180125     113245     P13     8.475     12.292     4.200     73.430     1.75     71.336
20180125     113245     P13     8.475     12.292     4.200     73.430     2.00     71.629
20180125     113245     P13     8.475     12.292     4.200     73.430     2.25     72.401
20180125     113245     P13     8.475     12.292     4.200     73.430     2.50     73.84
20180125     113245     P13     8.475     12.292     4.200     73.430     2.75     76.074
20180125     113245     P13     8.475     12.292     4.200     73.430     3.00     79.17
20180125     113245     P13     8.475     12.292     4.200     73.430     3.25     83.219
20180125     113245     P13     8.475     12.292     4.200     73.430     3.50     88.11
20180125     113245     P13     8.475     12.292     4.200     73.430     3.75     93.91
20180125     113245     P13     8.475     12.292     4.200     73.430     4.00     100.47
20180125     113245     P13     8.475     12.292     4.200     73.430     4.25     107.676
20180125     113245     P13     8.475     12.292     4.200     73.430     4.50     115.546
20180125     113245     P13     8.475     12.292     4.200     73.430     4.75     123.98
20180125     113245     P13     8.475     12.292     4.200     73.430     5.00     132.62
20180125     113245     P13     8.475     12.292     4.200     73.430     5.25     141.477
20180125     113245     P13     8.475     12.292     4.200     73.430     5.50     150.637
20180125     113245     P13     8.475     12.292     4.200     73.430     5.75     159.737
20180125     113245     P13     8.475     12.292     4.200     73.430     6.00     169.106
20180125     113245     P13     8.475     12.292     4.200     73.430     6.25     177.637
20180125     113245     P13     8.475     12.292     4.200     73.430     6.50     186.832
20180125     113245     P13     8.475     12.292     4.200     73.430     6.75     195.887
20180125     113245     P13     8.475     12.292     4.200     73.430     7.00     204.484
20180125     123215     P14     17.425     12.220     4.200     74.385     0.00     73.642
20180125     123215     P14     17.425     12.220     4.200     74.385     0.25     73.641
20180125     123215     P14     17.425     12.220     4.200     74.385     0.50     73.649
20180125     123215     P14     17.425     12.220     4.200     74.385     0.75     73.66
20180125     123215     P14     17.425     12.220     4.200     74.385     1.00     73.677
20180125     123215     P14     17.425     12.220     4.200     74.385     1.25     73.69
20180125     123215     P14     17.425     12.220     4.200     74.385     1.50     73.71
20180125     123215     P14     17.425     12.220     4.200     74.385     1.75     73.775
20180125     123215     P14     17.425     12.220     4.200     74.385     2.00     74.05
20180125     123215     P14     17.425     12.220     4.200     74.385     2.25     74.74
20180125     123215     P14     17.425     12.220     4.200     74.385     2.50     76.075
20180125     123215     P14     17.425     12.220     4.200     74.385     2.75     78.254
20180125     123215     P14     17.425     12.220     4.200     74.385     3.00     81.33
20180125     123215     P14     17.425     12.220     4.200     74.385     3.25     85.427
20180125     123215     P14     17.425     12.220     4.200     74.385     3.50     90.406
20180125     123215     P14     17.425     12.220     4.200     74.385     3.75     96.253
20180125     123215     P14     17.425     12.220     4.200     74.385     4.00     103.135
20180125     123215     P14     17.425     12.220     4.200     74.385     4.25     110.835
20180125     123215     P14     17.425     12.220     4.200     74.385     4.50     119.298
20180125     123215     P14     17.425     12.220     4.200     74.385     4.75     127.627
20180125     123215     P14     17.425     12.220     4.200     74.385     5.00     136.817
20180125     123215     P14     17.425     12.220     4.200     74.385     5.25     145.753
20180125     123215     P14     17.425     12.220     4.200     74.385     5.50     155.195
20180125     123215     P14     17.425     12.220     4.200     74.385     5.75     164.733
20180125     123215     P14     17.425     12.220     4.200     74.385     6.00     174.219
20180125     123215     P14     17.425     12.220     4.200     74.385     6.25     183.229
20180125     123215     P14     17.425     12.220     4.200     74.385     6.50     193.118
20180125     123215     P14     17.425     12.220     4.200     74.385     6.75     202.883
20180125     123215     P14     17.425     12.220     4.200     74.385     7.00     208.137
20180125     135555     P15     21.900     12.162     7.800     76.080     0.00     75.07
20180125     135555     P15     21.900     12.162     7.800     76.080     0.25     75.1
20180125     135555     P15     21.900     12.162     7.800     76.080     0.50     75.11
20180125     135555     P15     21.900     12.162     7.800     76.080     0.75     75.095
20180125     135555     P15     21.900     12.162     7.800     76.080     1.00     75.125
20180125     135555     P15     21.900     12.162     7.800     76.080     1.25     75.135
20180125     135555     P15     21.900     12.162     7.800     76.080     1.50     75.14
20180125     135555     P15     21.900     12.162     7.800     76.080     1.75     75.22
20180125     135555     P15     21.900     12.162     7.800     76.080     2.00     75.498
20180125     135555     P15     21.900     12.162     7.800     76.080     2.25     76.14
20180125     135555     P15     21.900     12.162     7.800     76.080     2.50     77.47
20180125     135555     P15     21.900     12.162     7.800     76.080     2.75     79.54
20180125     135555     P15     21.900     12.162     7.800     76.080     3.00     82.63
20180125     135555     P15     21.900     12.162     7.800     76.080     3.25     86.62
20180125     135555     P15     21.900     12.162     7.800     76.080     3.50     91.885
20180125     135555     P15     21.900     12.162     7.800     76.080     3.75     97.621
20180125     135555     P15     21.900     12.162     7.800     76.080     4.00     104.533
20180125     135555     P15     21.900     12.162     7.800     76.080     4.25     112.354
20180125     135555     P15     21.900     12.162     7.800     76.080     4.50     120.767
20180125     135555     P15     21.900     12.162     7.800     76.080     4.75     129.535
20180125     135555     P15     21.900     12.162     7.800     76.080     5.00     138.878
20180125     135555     P15     21.900     12.162     7.800     76.080     5.25     148.589
20180125     135555     P15     21.900     12.162     7.800     76.080     5.50     158.735
20180125     135555     P15     21.900     12.162     7.800     76.080     5.75     169.11
20180125     135555     P15     21.900     12.162     7.800     76.080     6.00     179.419
20180125     135555     P15     21.900     12.162     7.800     76.080     6.25     189.75
20180125     135555     P15     21.900     12.162     7.800     76.080     6.50     200.115
20180125     135555     P15     21.900     12.162     7.800     76.080     6.75     210.433
20180125     135555     P15     21.900     12.162     7.800     76.080     7.00     220.835
20180125     144225     P16     21.900     12.123     15.000     76.163     0.00     75.985
20180125     144225     P16     21.900     12.123     15.000     76.163     0.25     75.985
20180125     144225     P16     21.900     12.123     15.000     76.163     0.50     76
20180125     144225     P16     21.900     12.123     15.000     76.163     0.75     76.015
20180125     144225     P16     21.900     12.123     15.000     76.163     1.00     76.019
20180125     144225     P16     21.900     12.123     15.000     76.163     1.25     76.015
20180125     144225     P16     21.900     12.123     15.000     76.163     1.50     76.03
20180125     144225     P16     21.900     12.123     15.000     76.163     1.75     76.107
20180125     144225     P16     21.900     12.123     15.000     76.163     2.00     76.405
20180125     144225     P16     21.900     12.123     15.000     76.163     2.25     77.18
20180125     144225     P16     21.900     12.123     15.000     76.163     2.50     78.712
20180125     144225     P16     21.900     12.123     15.000     76.163     2.75     81.13
20180125     144225     P16     21.900     12.123     15.000     76.163     3.00     84.608
20180125     144225     P16     21.900     12.123     15.000     76.163     3.25     89.282
20180125     144225     P16     21.900     12.123     15.000     76.163     3.50     95.04
20180125     144225     P16     21.900     12.123     15.000     76.163     3.75     101.84
20180125     144225     P16     21.900     12.123     15.000     76.163     4.00     109.82
20180125     144225     P16     21.900     12.123     15.000     76.163     4.25     118.222
20180125     144225     P16     21.900     12.123     15.000     76.163     4.50     127.832
20180125     144225     P16     21.900     12.123     15.000     76.163     4.75     137.776
20180125     144225     P16     21.900     12.123     15.000     76.163     5.00     148.339
20180125     144225     P16     21.900     12.123     15.000     76.163     5.25     159.656
20180125     144225     P16     21.900     12.123     15.000     76.163     5.50     170.763
20180125     144225     P16     21.900     12.123     15.000     76.163     5.75     182.545
20180125     144225     P16     21.900     12.123     15.000     76.163     6.00     194.443
20180125     144225     P16     21.900     12.123     15.000     76.163     6.25     206.111
20180125     144225     P16     21.900     12.123     15.000     76.163     6.50     217.763
20180125     144225     P16     21.900     12.123     15.000     76.163     6.75     229.543
20180125     144225     P16     21.900     12.123     15.000     76.163     7.00     240.674
20180125     160225     P17     17.425     12.137     18.600     75.678     0.00     75.71
20180125     160225     P17     17.425     12.137     18.600     75.678     0.25     75.71
20180125     160225     P17     17.425     12.137     18.600     75.678     0.50     75.71
20180125     160225     P17     17.425     12.137     18.600     75.678     0.75     75.702
20180125     160225     P17     17.425     12.137     18.600     75.678     1.00     75.69
20180125     160225     P17     17.425     12.137     18.600     75.678     1.25     75.68
20180125     160225     P17     17.425     12.137     18.600     75.678     1.50     75.695
20180125     160225     P17     17.425     12.137     18.600     75.678     1.75     75.76
20180125     160225     P17     17.425     12.137     18.600     75.678     2.00     76.08
20180125     160225     P17     17.425     12.137     18.600     75.678     2.25     76.905
20180125     160225     P17     17.425     12.137     18.600     75.678     2.50     78.494
20180125     160225     P17     17.425     12.137     18.600     75.678     2.75     80.983
20180125     160225     P17     17.425     12.137     18.600     75.678     3.00     84.559
20180125     160225     P17     17.425     12.137     18.600     75.678     3.25     88.935
20180125     160225     P17     17.425     12.137     18.600     75.678     3.50     94.72
20180125     160225     P17     17.425     12.137     18.600     75.678     3.75     101.543
20180125     160225     P17     17.425     12.137     18.600     75.678     4.00     109.437
20180125     160225     P17     17.425     12.137     18.600     75.678     4.25     118.12
20180125     160225     P17     17.425     12.137     18.600     75.678     4.50     127.573
20180125     160225     P17     17.425     12.137     18.600     75.678     4.75     137.635
20180125     160225     P17     17.425     12.137     18.600     75.678     5.00     148.545
20180125     160225     P17     17.425     12.137     18.600     75.678     5.25     159.633
20180125     160225     P17     17.425     12.137     18.600     75.678     5.50     171.109
20180125     160225     P17     17.425     12.137     18.600     75.678     5.75     182.634
20180125     160225     P17     17.425     12.137     18.600     75.678     6.00     194.125
20180125     160225     P17     17.425     12.137     18.600     75.678     6.25     206.093
20180125     160225     P17     17.425     12.137     18.600     75.678     6.50     217.76
20180125     160225     P17     17.425     12.137     18.600     75.678     6.75     229.335
20180125     160225     P17     17.425     12.137     18.600     75.678     7.00     240.886
20180125     173245     P18     8.475     12.205     18.600     75.678     0.00     75.134
20180125     173245     P18     8.475     12.205     18.600     75.678     0.25     75.13
20180125     173245     P18     8.475     12.205     18.600     75.678     0.50     75.096
20180125     173245     P18     8.475     12.205     18.600     75.678     0.75     75.097
20180125     173245     P18     8.475     12.205     18.600     75.678     1.00     75.099
20180125     173245     P18     8.475     12.205     18.600     75.678     1.25     75.083
20180125     173245     P18     8.475     12.205     18.600     75.678     1.50     75.085
20180125     173245     P18     8.475     12.205     18.600     75.678     1.75     75.175
20180125     173245     P18     8.475     12.205     18.600     75.678     2.00     75.502
20180125     173245     P18     8.475     12.205     18.600     75.678     2.25     76.373
20180125     173245     P18     8.475     12.205     18.600     75.678     2.50     78.07
20180125     173245     P18     8.475     12.205     18.600     75.678     2.75     80.607
20180125     173245     P18     8.475     12.205     18.600     75.678     3.00     84.41
20180125     173245     P18     8.475     12.205     18.600     75.678     3.25     89.488
20180125     173245     P18     8.475     12.205     18.600     75.678     3.50     95.54
20180125     173245     P18     8.475     12.205     18.600     75.678     3.75     102.797
20180125     173245     P18     8.475     12.205     18.600     75.678     4.00     110.929
20180125     173245     P18     8.475     12.205     18.600     75.678     4.25     119.983
20180125     173245     P18     8.475     12.205     18.600     75.678     4.50     129.987
20180125     173245     P18     8.475     12.205     18.600     75.678     4.75     140.556
20180125     173245     P18     8.475     12.205     18.600     75.678     5.00     151.65
20180125     173245     P18     8.475     12.205     18.600     75.678     5.25     162.89
20180125     173245     P18     8.475     12.205     18.600     75.678     5.50     174.767
20180125     173245     P18     8.475     12.205     18.600     75.678     5.75     186.765
20180125     173245     P18     8.475     12.205     18.600     75.678     6.00     199.111
20180125     173245     P18     8.475     12.205     18.600     75.678     6.25     210.88
20180125     173245     P18     8.475     12.205     18.600     75.678     6.50     223.11
20180125     173245     P18     8.475     12.205     18.600     75.678     6.75     234.767
20180125     173245     P18     8.475     12.205     18.600     75.678     7.00     246.82
20180125     170355     P19     4.000     12.261     15.000     75.510     0.00     74.922
20180125     170355     P19     4.000     12.261     15.000     75.510     0.25     74.92
20180125     170355     P19     4.000     12.261     15.000     75.510     0.50     74.921
20180125     170355     P19     4.000     12.261     15.000     75.510     0.75     74.92
20180125     170355     P19     4.000     12.261     15.000     75.510     1.00     74.92
20180125     170355     P19     4.000     12.261     15.000     75.510     1.25     74.925
20180125     170355     P19     4.000     12.261     15.000     75.510     1.50     74.925
20180125     170355     P19     4.000     12.261     15.000     75.510     1.75     75.007
20180125     170355     P19     4.000     12.261     15.000     75.510     2.00     75.355
20180125     170355     P19     4.000     12.261     15.000     75.510     2.25     76.241
20180125     170355     P19     4.000     12.261     15.000     75.510     2.50     77.965
20180125     170355     P19     4.000     12.261     15.000     75.510     2.75     80.623
20180125     170355     P19     4.000     12.261     15.000     75.510     3.00     84.287
20180125     170355     P19     4.000     12.261     15.000     75.510     3.25     89.32
20180125     170355     P19     4.000     12.261     15.000     75.510     3.50     95.11
20180125     170355     P19     4.000     12.261     15.000     75.510     3.75     102.331
20180125     170355     P19     4.000     12.261     15.000     75.510     4.00     110.336
20180125     170355     P19     4.000     12.261     15.000     75.510     4.25     119.115
20180125     170355     P19     4.000     12.261     15.000     75.510     4.50     129.08
20180125     170355     P19     4.000     12.261     15.000     75.510     4.75     139.436
20180125     170355     P19     4.000     12.261     15.000     75.510     5.00     150.04
20180125     170355     P19     4.000     12.261     15.000     75.510     5.25     161.09
20180125     170355     P19     4.000     12.261     15.000     75.510     5.50     172.667
20180125     170355     P19     4.000     12.261     15.000     75.510     5.75     184.433
20180125     170355     P19     4.000     12.261     15.000     75.510     6.00     196.45
20180125     170355     P19     4.000     12.261     15.000     75.510     6.25     208.11
20180125     170355     P19     4.000     12.261     15.000     75.510     6.50     217.444
20180125     170355     P19     4.000     12.261     15.000     75.510     6.75     232.167
20180125     170355     P19     4.000     12.261     15.000     75.510     7.00     244.02
20180125     173055     P20     4.000     12.302     7.800     74.965     0.00     74.976
20180125     173055     P20     4.000     12.302     7.800     74.965     0.25     74.97
20180125     173055     P20     4.000     12.302     7.800     74.965     0.50     74.984
20180125     173055     P20     4.000     12.302     7.800     74.965     0.75     74.976
20180125     173055     P20     4.000     12.302     7.800     74.965     1.00     74.96
20180125     173055     P20     4.000     12.302     7.800     74.965     1.25     74.976
20180125     173055     P20     4.000     12.302     7.800     74.965     1.50     74.986
20180125     173055     P20     4.000     12.302     7.800     74.965     1.75     75.04
20180125     173055     P20     4.000     12.302     7.800     74.965     2.00     75.307
20180125     173055     P20     4.000     12.302     7.800     74.965     2.25     75.99
20180125     173055     P20     4.000     12.302     7.800     74.965     2.50     77.367
20180125     173055     P20     4.000     12.302     7.800     74.965     2.75     79.57
20180125     173055     P20     4.000     12.302     7.800     74.965     3.00     82.7
20180125     173055     P20     4.000     12.302     7.800     74.965     3.25     86.875
20180125     173055     P20     4.000     12.302     7.800     74.965     3.50     92.146
20180125     173055     P20     4.000     12.302     7.800     74.965     3.75     98.18
20180125     173055     P20     4.000     12.302     7.800     74.965     4.00     105.22
20180125     173055     P20     4.000     12.302     7.800     74.965     4.25     112.765
20180125     173055     P20     4.000     12.302     7.800     74.965     4.50     121.223
20180125     173055     P20     4.000     12.302     7.800     74.965     4.75     130.12
20180125     173055     P20     4.000     12.302     7.800     74.965     5.00     139.656
20180125     173055     P20     4.000     12.302     7.800     74.965     5.25     149.213
20180125     173055     P20     4.000     12.302     7.800     74.965     5.50     159.05
20180125     173055     P20     4.000     12.302     7.800     74.965     5.75     169.63
20180125     173055     P20     4.000     12.302     7.800     74.965     6.00     179.88
20180125     173055     P20     4.000     12.302     7.800     74.965     6.25     190.24
20180125     173055     P20     4.000     12.302     7.800     74.965     6.50     199.678
20180125     173055     P20     4.000     12.302     7.800     74.965     6.75     210.76
20180125     173055     P20     4.000     12.302     7.800     74.965     7.00     220.48
20180129     123025     P21     12.950     12.235     7.800     73.315     0.00     70.94
20180129     123025     P21     12.950     12.235     7.800     73.315     0.25     70.96
20180129     123025     P21     12.950     12.235     7.800     73.315     0.50     70.984
20180129     123025     P21     12.950     12.235     7.800     73.315     0.75     71.007
20180129     123025     P21     12.950     12.235     7.800     73.315     1.00     71.02
20180129     123025     P21     12.950     12.235     7.800     73.315     1.25     71.025
20180129     123025     P21     12.950     12.235     7.800     73.315     1.50     71.04
20180129     123025     P21     12.950     12.235     7.800     73.315     1.75     71.12
20180129     123025     P21     12.950     12.235     7.800     73.315     2.00     71.35
20180129     123025     P21     12.950     12.235     7.800     73.315     2.25     71.94
20180129     123025     P21     12.950     12.235     7.800     73.315     2.50     73.11
20180129     123025     P21     12.950     12.235     7.800     73.315     2.75     74.97
20180129     123025     P21     12.950     12.235     7.800     73.315     3.00     77.76
20180129     123025     P21     12.950     12.235     7.800     73.315     3.25     81.55
20180129     123025     P21     12.950     12.235     7.800     73.315     3.50     86.359
20180129     123025     P21     12.950     12.235     7.800     73.315     3.75     90.62
20180129     123025     P21     12.950     12.235     7.800     73.315     4.00     96.3
20180129     123025     P21     12.950     12.235     7.800     73.315     4.25     102.55
20180129     123025     P21     12.950     12.235     7.800     73.315     4.50     109.65
20180129     123025     P21     12.950     12.235     7.800     73.315     4.75     116.75
20180129     123025     P21     12.950     12.235     7.800     73.315     5.00     123.65
20180129     123025     P21     12.950     12.235     7.800     73.315     5.25     131.45
20180129     123025     P21     12.950     12.235     7.800     73.315     5.50     139.654
20180129     123025     P21     12.950     12.235     7.800     73.315     5.75     146.793
20180129     123025     P21     12.950     12.235     7.800     73.315     6.00     154.55
20180129     123025     P21     12.950     12.235     7.800     73.315     6.25     162.759
20180129     123025     P21     12.950     12.235     7.800     73.315     6.50     170.837
20180129     123025     P21     12.950     12.235     7.800     73.315     6.75     178.754
20180129     123025     P21     12.950     12.235     7.800     73.315     7.00     187.253
20180129     144040     P22     8.475     12.247     11.400     74.915     0.00     74.315
20180129     144040     P22     8.475     12.247     11.400     74.915     0.25     74.325
20180129     144040     P22     8.475     12.247     11.400     74.915     0.50     74.347
20180129     144040     P22     8.475     12.247     11.400     74.915     0.75     74.355
20180129     144040     P22     8.475     12.247     11.400     74.915     1.00     74.38
20180129     144040     P22     8.475     12.247     11.400     74.915     1.25     74.394
20180129     144040     P22     8.475     12.247     11.400     74.915     1.50     74.425
20180129     144040     P22     8.475     12.247     11.400     74.915     1.75     74.457
20180129     144040     P22     8.475     12.247     11.400     74.915     2.00     74.669
20180129     144040     P22     8.475     12.247     11.400     74.915     2.25     75.21
20180129     144040     P22     8.475     12.247     11.400     74.915     2.50     76.307
20180129     144040     P22     8.475     12.247     11.400     74.915     2.75     78.155
20180129     144040     P22     8.475     12.247     11.400     74.915     3.00     80.822
20180129     144040     P22     8.475     12.247     11.400     74.915     3.25     84.424
20180129     144040     P22     8.475     12.247     11.400     74.915     3.50     88.915
20180129     144040     P22     8.475     12.247     11.400     74.915     3.75     94.34
20180129     144040     P22     8.475     12.247     11.400     74.915     4.00     100.624
20180129     144040     P22     8.475     12.247     11.400     74.915     4.25     107.585
20180129     144040     P22     8.475     12.247     11.400     74.915     4.50     115.223
20180129     144040     P22     8.475     12.247     11.400     74.915     4.75     123.74
20180129     144040     P22     8.475     12.247     11.400     74.915     5.00     131.574
20180129     144040     P22     8.475     12.247     11.400     74.915     5.25     140.215
20180129     144040     P22     8.475     12.247     11.400     74.915     5.50     149.335
20180129     144040     P22     8.475     12.247     11.400     74.915     5.75     158.337
20180129     144040     P22     8.475     12.247     11.400     74.915     6.00     167.845
20180129     144040     P22     8.475     12.247     11.400     74.915     6.25     176.847
20180129     144040     P22     8.475     12.247     11.400     74.915     6.50     186.21
20180129     144040     P22     8.475     12.247     11.400     74.915     6.75     195.637
20180129     144040     P22     8.475     12.247     11.400     74.915     7.00     204.768
20180129     151015     P23     17.425     12.177     11.400     75.717     0.00     75.24
20180129     151015     P23     17.425     12.177     11.400     75.717     0.25     75.26
20180129     151015     P23     17.425     12.177     11.400     75.717     0.50     75.27
20180129     151015     P23     17.425     12.177     11.400     75.717     0.75     75.275
20180129     151015     P23     17.425     12.177     11.400     75.717     1.00     75.279
20180129     151015     P23     17.425     12.177     11.400     75.717     1.25     75.285
20180129     151015     P23     17.425     12.177     11.400     75.717     1.50     75.31
20180129     151015     P23     17.425     12.177     11.400     75.717     1.75     75.39
20180129     151015     P23     17.425     12.177     11.400     75.717     2.00     75.902
20180129     151015     P23     17.425     12.177     11.400     75.717     2.25     76.57
20180129     151015     P23     17.425     12.177     11.400     75.717     2.50     77.885
20180129     151015     P23     17.425     12.177     11.400     75.717     2.75     79.98
20180129     151015     P23     17.425     12.177     11.400     75.717     3.00     83.081
20180129     151015     P23     17.425     12.177     11.400     75.717     3.25     86.978
20180129     151015     P23     17.425     12.177     11.400     75.717     3.50     91.924
20180129     151015     P23     17.425     12.177     11.400     75.717     3.75     97.865
20180129     151015     P23     17.425     12.177     11.400     75.717     4.00     104.751
20180129     151015     P23     17.425     12.177     11.400     75.717     4.25     112.384
20180129     151015     P23     17.425     12.177     11.400     75.717     4.50     120.878
20180129     151015     P23     17.425     12.177     11.400     75.717     4.75     129.547
20180129     151015     P23     17.425     12.177     11.400     75.717     5.00     138.867
20180129     151015     P23     17.425     12.177     11.400     75.717     5.25     148.549
20180129     151015     P23     17.425     12.177     11.400     75.717     5.50     158.781
20180129     151015     P23     17.425     12.177     11.400     75.717     5.75     168.925
20180129     151015     P23     17.425     12.177     11.400     75.717     6.00     179.21
20180129     151015     P23     17.425     12.177     11.400     75.717     6.25     189.437
20180129     151015     P23     17.425     12.177     11.400     75.717     6.50     198.837
20180129     151015     P23     17.425     12.177     11.400     75.717     6.75     209.231
20180129     151015     P23     17.425     12.177     11.400     75.717     7.00     219.12
20180129     155535     P24     12.950     12.190     15.000     76.840     0.00     75.73
20180129     155535     P24     12.950     12.190     15.000     76.840     0.25     75.73
20180129     155535     P24     12.950     12.190     15.000     76.840     0.50     75.729
20180129     155535     P24     12.950     12.190     15.000     76.840     0.75     75.723
20180129     155535     P24     12.950     12.190     15.000     76.840     1.00     75.723
20180129     155535     P24     12.950     12.190     15.000     76.840     1.25     75.715
20180129     155535     P24     12.950     12.190     15.000     76.840     1.50     75.725
20180129     155535     P24     12.950     12.190     15.000     76.840     1.75     75.786
20180129     155535     P24     12.950     12.190     15.000     76.840     2.00     76.05
20180129     155535     P24     12.950     12.190     15.000     76.840     2.25     76.767
20180129     155535     P24     12.950     12.190     15.000     76.840     2.50     78.22
20180129     155535     P24     12.950     12.190     15.000     76.840     2.75     80.531
20180129     155535     P24     12.950     12.190     15.000     76.840     3.00     83.975
20180129     155535     P24     12.950     12.190     15.000     76.840     3.25     88.495
20180129     155535     P24     12.950     12.190     15.000     76.840     3.50     94.328
20180129     155535     P24     12.950     12.190     15.000     76.840     3.75     100.99
20180129     155535     P24     12.950     12.190     15.000     76.840     4.00     108.678
20180129     155535     P24     12.950     12.190     15.000     76.840     4.25     117.323
20180129     155535     P24     12.950     12.190     15.000     76.840     4.50     126.773
20180129     155535     P24     12.950     12.190     15.000     76.840     4.75     136.947
20180129     155535     P24     12.950     12.190     15.000     76.840     5.00     147.39
20180129     155535     P24     12.950     12.190     15.000     76.840     5.25     158.225
20180129     155535     P24     12.950     12.190     15.000     76.840     5.50     169.645
20180129     155535     P24     12.950     12.190     15.000     76.840     5.75     180.576
20180129     155535     P24     12.950     12.190     15.000     76.840     6.00     191.88
20180129     155535     P24     12.950     12.190     15.000     76.840     6.25     203.667
20180129     155535     P24     12.950     12.190     15.000     76.840     6.50     215.37
20180129     155535     P24     12.950     12.190     15.000     76.840     6.75     227.105
20180129     155535     P24     12.950     12.190     15.000     76.840     7.00     238.347


