20181005     170505     P03     4.000     12.280     11.400     83.745     0.00     83.792
20181005     170505     P03     4.000     12.280     11.400     83.745     0.25     83.789
20181005     170505     P03     4.000     12.280     11.400     83.745     0.50     83.798
20181005     170505     P03     4.000     12.280     11.400     83.745     0.75     83.81
20181005     170505     P03     4.000     12.280     11.400     83.745     1.00     83.819
20181005     170505     P03     4.000     12.280     11.400     83.745     1.25     83.815
20181005     170505     P03     4.000     12.280     11.400     83.745     1.50     83.823
20181005     170505     P03     4.000     12.280     11.400     83.745     1.75     83.878
20181005     170505     P03     4.000     12.280     11.400     83.745     2.00     84.212
20181005     170505     P03     4.000     12.280     11.400     83.745     2.25     85.015
20181005     170505     P03     4.000     12.280     11.400     83.745     2.50     86.506
20181005     170505     P03     4.000     12.280     11.400     83.745     2.75     88.97
20181005     170505     P03     4.000     12.280     11.400     83.745     3.00     92.659
20181005     170505     P03     4.000     12.280     11.400     83.745     3.25     97.322
20181005     170505     P03     4.000     12.280     11.400     83.745     3.50     102.676
20181005     170505     P03     4.000     12.280     11.400     83.745     3.75     109.439
20181005     170505     P03     4.000     12.280     11.400     83.745     4.00     116.74
20181005     170505     P03     4.000     12.280     11.400     83.745     4.25     125.039
20181005     170505     P03     4.000     12.280     11.400     83.745     4.50     134.251
20181005     170505     P03     4.000     12.280     11.400     83.745     4.75     143.685
20181005     170505     P03     4.000     12.280     11.400     83.745     5.00     153.262
20181005     170505     P03     4.000     12.280     11.400     83.745     5.25     163.676
20181005     170505     P03     4.000     12.280     11.400     83.745     5.50     173.898
20181005     170505     P03     4.000     12.280     11.400     83.745     5.75     185.421
20181005     170505     P03     4.000     12.280     11.400     83.745     6.00     195.512
20181005     170505     P03     4.000     12.280     11.400     83.745     6.25     206.124
20181005     170505     P03     4.000     12.280     11.400     83.745     6.50     217.239
20181005     170505     P03     4.000     12.280     11.400     83.745     6.75     227.63
20181005     170505     P03     4.000     12.280     11.400     83.745     7.00     238.239
20181005     172515     P04     12.950     12.212     11.400     83.915     0.00     83.953
20181005     172515     P04     12.950     12.212     11.400     83.915     0.25     83.937
20181005     172515     P04     12.950     12.212     11.400     83.915     0.50     83.938
20181005     172515     P04     12.950     12.212     11.400     83.915     0.75     83.943
20181005     172515     P04     12.950     12.212     11.400     83.915     1.00     83.94
20181005     172515     P04     12.950     12.212     11.400     83.915     1.25     83.944
20181005     172515     P04     12.950     12.212     11.400     83.915     1.50     83.912
20181005     172515     P04     12.950     12.212     11.400     83.915     1.75     84.002
20181005     172515     P04     12.950     12.212     11.400     83.915     2.00     84.198
20181005     172515     P04     12.950     12.212     11.400     83.915     2.25     84.761
20181005     172515     P04     12.950     12.212     11.400     83.915     2.50     85.879
20181005     172515     P04     12.950     12.212     11.400     83.915     2.75     87.811
20181005     172515     P04     12.950     12.212     11.400     83.915     3.00     90.912
20181005     172515     P04     12.950     12.212     11.400     83.915     3.25     94.954
20181005     172515     P04     12.950     12.212     11.400     83.915     3.50     99.894
20181005     172515     P04     12.950     12.212     11.400     83.915     3.75     105.652
20181005     172515     P04     12.950     12.212     11.400     83.915     4.00     112.535
20181005     172515     P04     12.950     12.212     11.400     83.915     4.25     120.19
20181005     172515     P04     12.950     12.212     11.400     83.915     4.50     128.412
20181005     172515     P04     12.950     12.212     11.400     83.915     4.75     137.542
20181005     172515     P04     12.950     12.212     11.400     83.915     5.00     146.475
20181005     172515     P04     12.950     12.212     11.400     83.915     5.25     156.12
20181005     172515     P04     12.950     12.212     11.400     83.915     5.50     165.684
20181005     172515     P04     12.950     12.212     11.400     83.915     5.75     175.722
20181005     172515     P04     12.950     12.212     11.400     83.915     6.00     185.978
20181005     172515     P04     12.950     12.212     11.400     83.915     6.25     196.325
20181005     172515     P04     12.950     12.212     11.400     83.915     6.50     206.325
20181005     172515     P04     12.950     12.212     11.400     83.915     6.75     216.52
20181005     172515     P04     12.950     12.212     11.400     83.915     7.00     226.254
20181005     175025     P05     21.900     12.142     11.400     83.962     0.00     83.982
20181005     175025     P05     21.900     12.142     11.400     83.962     0.25     83.982
20181005     175025     P05     21.900     12.142     11.400     83.962     0.50     83.978
20181005     175025     P05     21.900     12.142     11.400     83.962     0.75     83.986
20181005     175025     P05     21.900     12.142     11.400     83.962     1.00     83.991
20181005     175025     P05     21.900     12.142     11.400     83.962     1.25     83.994
20181005     175025     P05     21.900     12.142     11.400     83.962     1.50     84.009
20181005     175025     P05     21.900     12.142     11.400     83.962     1.75     84.041
20181005     175025     P05     21.900     12.142     11.400     83.962     2.00     84.301
20181005     175025     P05     21.900     12.142     11.400     83.962     2.25     84.91
20181005     175025     P05     21.900     12.142     11.400     83.962     2.50     86.29
20181005     175025     P05     21.900     12.142     11.400     83.962     2.75     88.392
20181005     175025     P05     21.900     12.142     11.400     83.962     3.00     91.411
20181005     175025     P05     21.900     12.142     11.400     83.962     3.25     95.678
20181005     175025     P05     21.900     12.142     11.400     83.962     3.50     100.878
20181005     175025     P05     21.900     12.142     11.400     83.962     3.75     107.37
20181005     175025     P05     21.900     12.142     11.400     83.962     4.00     114.456
20181005     175025     P05     21.900     12.142     11.400     83.962     4.25     122.243
20181005     175025     P05     21.900     12.142     11.400     83.962     4.50     131.328
20181005     175025     P05     21.900     12.142     11.400     83.962     4.75     140.898
20181005     175025     P05     21.900     12.142     11.400     83.962     5.00     150.745
20181005     175025     P05     21.900     12.142     11.400     83.962     5.25     161.128
20181005     175025     P05     21.900     12.142     11.400     83.962     5.50     171.949
20181005     175025     P05     21.900     12.142     11.400     83.962     5.75     181.889
20181005     175025     P05     21.900     12.142     11.400     83.962     6.00     192.845
20181005     175025     P05     21.900     12.142     11.400     83.962     6.25     203.123
20181005     175025     P05     21.900     12.142     11.400     83.962     6.50     214.675
20181005     175025     P05     21.900     12.142     11.400     83.962     6.75     224.678
20181005     175025     P05     21.900     12.142     11.400     83.962     7.00     235.346
20181005     180545     P22     8.475     12.247     11.400     84.030     0.00     84.039
20181005     180545     P22     8.475     12.247     11.400     84.030     0.25     84.05
20181005     180545     P22     8.475     12.247     11.400     84.030     0.50     84.044
20181005     180545     P22     8.475     12.247     11.400     84.030     0.75     84.045
20181005     180545     P22     8.475     12.247     11.400     84.030     1.00     84.047
20181005     180545     P22     8.475     12.247     11.400     84.030     1.25     84.039
20181005     180545     P22     8.475     12.247     11.400     84.030     1.50     84.039
20181005     180545     P22     8.475     12.247     11.400     84.030     1.75     84.069
20181005     180545     P22     8.475     12.247     11.400     84.030     2.00     84.237
20181005     180545     P22     8.475     12.247     11.400     84.030     2.25     84.664
20181005     180545     P22     8.475     12.247     11.400     84.030     2.50     85.657
20181005     180545     P22     8.475     12.247     11.400     84.030     2.75     87.078
20181005     180545     P22     8.475     12.247     11.400     84.030     3.00     89.233
20181005     180545     P22     8.475     12.247     11.400     84.030     3.25     92.526
20181005     180545     P22     8.475     12.247     11.400     84.030     3.50     96.345
20181005     180545     P22     8.475     12.247     11.400     84.030     3.75     101.345
20181005     180545     P22     8.475     12.247     11.400     84.030     4.00     107.245
20181005     180545     P22     8.475     12.247     11.400     84.030     4.25     113.92
20181005     180545     P22     8.475     12.247     11.400     84.030     4.50     121.656
20181005     180545     P22     8.475     12.247     11.400     84.030     4.75     129.456
20181005     180545     P22     8.475     12.247     11.400     84.030     5.00     137.878
20181005     180545     P22     8.475     12.247     11.400     84.030     5.25     146.592
20181005     180545     P22     8.475     12.247     11.400     84.030     5.50     156.21
20181005     180545     P22     8.475     12.247     11.400     84.030     5.75     165.045
20181005     180545     P22     8.475     12.247     11.400     84.030     6.00     173.898
20181005     180545     P22     8.475     12.247     11.400     84.030     6.25     183.612
20181005     180545     P22     8.475     12.247     11.400     84.030     6.50     192.39
20181005     180545     P22     8.475     12.247     11.400     84.030     6.75     201.445
20181005     180545     P22     8.475     12.247     11.400     84.030     7.00     210.77
20181005     182015     P23     17.425     12.177     11.400     84.045     0.00     84.075
20181005     182015     P23     17.425     12.177     11.400     84.045     0.25     84.073
20181005     182015     P23     17.425     12.177     11.400     84.045     0.50     84.079
20181005     182015     P23     17.425     12.177     11.400     84.045     0.75     84.071
20181005     182015     P23     17.425     12.177     11.400     84.045     1.00     84.072
20181005     182015     P23     17.425     12.177     11.400     84.045     1.25     84.077
20181005     182015     P23     17.425     12.177     11.400     84.045     1.50     84.069
20181005     182015     P23     17.425     12.177     11.400     84.045     1.75     84.135
20181005     182015     P23     17.425     12.177     11.400     84.045     2.00     84.345
20181005     182015     P23     17.425     12.177     11.400     84.045     2.25     84.93
20181005     182015     P23     17.425     12.177     11.400     84.045     2.50     86.054
20181005     182015     P23     17.425     12.177     11.400     84.045     2.75     87.992
20181005     182015     P23     17.425     12.177     11.400     84.045     3.00     91.245
20181005     182015     P23     17.425     12.177     11.400     84.045     3.25     95.145
20181005     182015     P23     17.425     12.177     11.400     84.045     3.50     99.954
20181005     182015     P23     17.425     12.177     11.400     84.045     3.75     106.345
20181005     182015     P23     17.425     12.177     11.400     84.045     4.00     113.145
20181005     182015     P23     17.425     12.177     11.400     84.045     4.25     120.863
20181005     182015     P23     17.425     12.177     11.400     84.045     4.50     129.256
20181005     182015     P23     17.425     12.177     11.400     84.045     4.75     137.87
20181005     182015     P23     17.425     12.177     11.400     84.045     5.00     147.259
20181005     182015     P23     17.425     12.177     11.400     84.045     5.25     157.023
20181005     182015     P23     17.425     12.177     11.400     84.045     5.50     167.678
20181005     182015     P23     17.425     12.177     11.400     84.045     5.75     176.697
20181005     182015     P23     17.425     12.177     11.400     84.045     6.00     187.656
20181005     182015     P23     17.425     12.177     11.400     84.045     6.25     197.787
20181005     182015     P23     17.425     12.177     11.400     84.045     6.50     208.165
20181005     182015     P23     17.425     12.177     11.400     84.045     6.75     217.888
20181005     182015     P23     17.425     12.177     11.400     84.045     7.00     228.145
