20180307     144535     P05     10.700     12.300     6.100     70.135     0.00     70.135     70.615
20180307     144535     P05     10.700     12.300     6.100     70.135     0.25     70.161     70.615
20180307     144535     P05     10.700     12.300     6.100     70.135     0.50     70.176     70.615
20180307     144535     P05     10.700     12.300     6.100     70.135     0.75     70.176     70.625
20180307     144535     P05     10.700     12.300     6.100     70.135     1.00     70.195     70.619
20180307     144535     P05     10.700     12.300     6.100     70.135     1.25     70.205     70.620
20180307     144535     P05     10.700     12.300     6.100     70.135     1.50     70.267     70.615
20180307     144535     P05     10.700     12.300     6.100     70.135     1.75     70.285     70.625
20180307     144535     P05     10.700     12.300     6.100     70.135     2.00     70.376     70.719
20180307     144535     P05     10.700     12.300     6.100     70.135     2.25     70.57     70.930
20180307     144535     P05     10.700     12.300     6.100     70.135     2.50     70.953     71.383
20180307     144535     P05     10.700     12.300     6.100     70.135     2.75     71.579     72.185
20180307     144535     P05     10.700     12.300     6.100     70.135     3.00     72.541     73.320
20180307     144535     P05     10.700     12.300     6.100     70.135     3.25     73.815     74.749
20180307     144535     P05     10.700     12.300     6.100     70.135     3.50     75.785     76.802
20180307     144535     P05     10.700     12.300     6.100     70.135     3.75     77.654     79.244
20180307     144535     P05     10.700     12.300     6.100     70.135     4.00     80.115     82.146
20180307     144535     P05     10.700     12.300     6.100     70.135     4.25     83.36     85.350
20180307     144535     P05     10.700     12.300     6.100     70.135     4.50     86.71     89.007
20180307     144535     P05     10.700     12.300     6.100     70.135     4.75     90.215     92.856
20180307     144535     P05     10.700     12.300     6.100     70.135     5.00     94.356     97.002
20180307     144535     P05     10.700     12.300     6.100     70.135     5.25     98.672     101.497
20180307     144535     P05     10.700     12.300     6.100     70.135     5.50     103.355     105.882
20180307     144535     P05     10.700     12.300     6.100     70.135     5.75     108.235     110.670
20180307     144535     P05     10.700     12.300     6.100     70.135     6.00     113.425     115.470
20180307     144535     P05     10.700     12.300     6.100     70.135     6.25     118.425     120.333
20180307     144535     P05     10.700     12.300     6.100     70.135     6.50     123.775     125.255
20180307     144535     P05     10.700     12.300     6.100     70.135     6.75     129.13     129.676
20180307     144535     P05     10.700     12.300     6.100     70.135     7.00     134.585     134.585
20180307     150605     P06     11.750     12.300     6.850     70.742     0.00     70.742     71.472
20180307     150605     P06     11.750     12.300     6.850     70.742     0.25     70.783     71.458
20180307     150605     P06     11.750     12.300     6.850     70.742     0.50     70.798     71.440
20180307     150605     P06     11.750     12.300     6.850     70.742     0.75     70.805     71.432
20180307     150605     P06     11.750     12.300     6.850     70.742     1.00     70.81     71.407
20180307     150605     P06     11.750     12.300     6.850     70.742     1.25     70.812     71.399
20180307     150605     P06     11.750     12.300     6.850     70.742     1.50     70.814     71.386
20180307     150605     P06     11.750     12.300     6.850     70.742     1.75     70.84     71.393
20180307     150605     P06     11.750     12.300     6.850     70.742     2.00     70.933     71.482
20180307     150605     P06     11.750     12.300     6.850     70.742     2.25     71.205     71.726
20180307     150605     P06     11.750     12.300     6.850     70.742     2.50     71.496     72.208
20180307     150605     P06     11.750     12.300     6.850     70.742     2.75     72.082     72.930
20180307     150605     P06     11.750     12.300     6.850     70.742     3.00     73.076     74.169
20180307     150605     P06     11.750     12.300     6.850     70.742     3.25     74.393     75.743
20180307     150605     P06     11.750     12.300     6.850     70.742     3.50     76.056     77.850
20180307     150605     P06     11.750     12.300     6.850     70.742     3.75     78.234     80.274
20180307     150605     P06     11.750     12.300     6.850     70.742     4.00     80.676     83.419
20180307     150605     P06     11.750     12.300     6.850     70.742     4.25     83.625     86.607
20180307     150605     P06     11.750     12.300     6.850     70.742     4.50     87.105     90.302
20180307     150605     P06     11.750     12.300     6.850     70.742     4.75     90.81     94.368
20180307     150605     P06     11.750     12.300     6.850     70.742     5.00     94.956     98.654
20180307     150605     P06     11.750     12.300     6.850     70.742     5.25     99.245     103.120
20180307     150605     P06     11.750     12.300     6.850     70.742     5.50     103.873     107.719
20180307     150605     P06     11.750     12.300     6.850     70.742     5.75     108.676     112.386
20180307     150605     P06     11.750     12.300     6.850     70.742     6.00     113.876     117.056
20180307     150605     P06     11.750     12.300     6.850     70.742     6.25     118.576     121.676
20180307     150605     P06     11.750     12.300     6.850     70.742     6.50     124.125     125.229
20180307     150605     P06     11.750     12.300     6.850     70.742     6.75     129.876     130.796
20180307     150605     P06     11.750     12.300     6.850     70.742     7.00     135.918     135.918
20180307     153215     P07     11.450     12.300     7.750     71.595     0.00     71.595     72.217
20180307     153215     P07     11.450     12.300     7.750     71.595     0.25     71.602     72.215
20180307     153215     P07     11.450     12.300     7.750     71.595     0.50     71.606     72.208
20180307     153215     P07     11.450     12.300     7.750     71.595     0.75     71.64     72.218
20180307     153215     P07     11.450     12.300     7.750     71.595     1.00     71.663     72.212
20180307     153215     P07     11.450     12.300     7.750     71.595     1.25     71.67     72.199
20180307     153215     P07     11.450     12.300     7.750     71.595     1.50     71.675     72.189
20180307     153215     P07     11.450     12.300     7.750     71.595     1.75     71.705     72.245
20180307     153215     P07     11.450     12.300     7.750     71.595     2.00     71.807     72.283
20180307     153215     P07     11.450     12.300     7.750     71.595     2.25     72.008     72.536
20180307     153215     P07     11.450     12.300     7.750     71.595     2.50     72.405     73.056
20180307     153215     P07     11.450     12.300     7.750     71.595     2.75     73.07     73.898
20180307     153215     P07     11.450     12.300     7.750     71.595     3.00     74.075     75.115
20180307     153215     P07     11.450     12.300     7.750     71.595     3.25     75.635     76.813
20180307     153215     P07     11.450     12.300     7.750     71.595     3.50     77.254     78.867
20180307     153215     P07     11.450     12.300     7.750     71.595     3.75     79.397     81.492
20180307     153215     P07     11.450     12.300     7.750     71.595     4.00     82.05     84.610
20180307     153215     P07     11.450     12.300     7.750     71.595     4.25     85.125     88.056
20180307     153215     P07     11.450     12.300     7.750     71.595     4.50     88.525     91.835
20180307     153215     P07     11.450     12.300     7.750     71.595     4.75     92.04     95.925
20180307     153215     P07     11.450     12.300     7.750     71.595     5.00     96.158     100.268
20180307     153215     P07     11.450     12.300     7.750     71.595     5.25     100.465     104.945
20180307     153215     P07     11.450     12.300     7.750     71.595     5.50     104.123     109.493
20180307     153215     P07     11.450     12.300     7.750     71.595     5.75     109.91     114.120
20180307     153215     P07     11.450     12.300     7.750     71.595     6.00     115.076     119.205
20180307     153215     P07     11.450     12.300     7.750     71.595     6.25     120.676     124.140
20180307     153215     P07     11.450     12.300     7.750     71.595     6.50     126.553     129.060
20180307     153215     P07     11.450     12.300     7.750     71.595     6.75     132.767     133.784
20180307     153215     P07     11.450     12.300     7.750     71.595     7.00     138.858     138.858
20180307     155135     P08     10.850     12.300     7.000     72.297     0.00     72.297     72.667
20180307     155135     P08     10.850     12.300     7.000     72.297     0.25     72.303     72.656
20180307     155135     P08     10.850     12.300     7.000     72.297     0.50     72.322     72.660
20180307     155135     P08     10.850     12.300     7.000     72.297     0.75     72.33     72.658
20180307     155135     P08     10.850     12.300     7.000     72.297     1.00     72.345     72.667
20180307     155135     P08     10.850     12.300     7.000     72.297     1.25     72.35     72.656
20180307     155135     P08     10.850     12.300     7.000     72.297     1.50     72.356     72.667
20180307     155135     P08     10.850     12.300     7.000     72.297     1.75     72.401     72.682
20180307     155135     P08     10.850     12.300     7.000     72.297     2.00     72.476     72.778
20180307     155135     P08     10.850     12.300     7.000     72.297     2.25     72.67     73.038
20180307     155135     P08     10.850     12.300     7.000     72.297     2.50     73.095     73.510
20180307     155135     P08     10.850     12.300     7.000     72.297     2.75     73.415     74.355
20180307     155135     P08     10.850     12.300     7.000     72.297     3.00     74.797     75.647
20180307     155135     P08     10.850     12.300     7.000     72.297     3.25     76.176     77.323
20180307     155135     P08     10.850     12.300     7.000     72.297     3.50     78.035     79.460
20180307     155135     P08     10.850     12.300     7.000     72.297     3.75     80.276     82.222
20180307     155135     P08     10.850     12.300     7.000     72.297     4.00     82.956     85.117
20180307     155135     P08     10.850     12.300     7.000     72.297     4.25     86.13     88.609
20180307     155135     P08     10.850     12.300     7.000     72.297     4.50     89.827     92.459
20180307     155135     P08     10.850     12.300     7.000     72.297     4.75     93.567     96.657
20180307     155135     P08     10.850     12.300     7.000     72.297     5.00     97.746     101.097
20180307     155135     P08     10.850     12.300     7.000     72.297     5.25     102.279     105.723
20180307     155135     P08     10.850     12.300     7.000     72.297     5.50     107.233     110.510
20180307     155135     P08     10.850     12.300     7.000     72.297     5.75     112.989     115.447
20180307     155135     P08     10.850     12.300     7.000     72.297     6.00     117.843     120.545
20180307     155135     P08     10.850     12.300     7.000     72.297     6.25     122.753     125.467
20180307     155135     P08     10.850     12.300     7.000     72.297     6.50     128.856     130.478
20180307     155135     P08     10.850     12.300     7.000     72.297     6.75     134.566     135.467
20180307     155135     P08     10.850     12.300     7.000     72.297     7.00     140.434     140.434
20180307     160915     P09     9.650     12.300     6.250     72.676     0.00     72.676     72.619
20180307     160915     P09     9.650     12.300     6.250     72.676     0.25     72.676     72.630
20180307     160915     P09     9.650     12.300     6.250     72.676     0.50     72.68     72.620
20180307     160915     P09     9.650     12.300     6.250     72.676     0.75     72.675     72.733
20180307     160915     P09     9.650     12.300     6.250     72.676     1.00     72.662     72.625
20180307     160915     P09     9.650     12.300     6.250     72.676     1.25     72.669     72.616
20180307     160915     P09     9.650     12.300     6.250     72.676     1.50     72.675     72.633
20180307     160915     P09     9.650     12.300     6.250     72.676     1.75     72.687     72.633
20180307     160915     P09     9.650     12.300     6.250     72.676     2.00     72.763     72.739
20180307     160915     P09     9.650     12.300     6.250     72.676     2.25     72.88     73.010
20180307     160915     P09     9.650     12.300     6.250     72.676     2.50     73.378     73.550
20180307     160915     P09     9.650     12.300     6.250     72.676     2.75     74.127     74.384
20180307     160915     P09     9.650     12.300     6.250     72.676     3.00     75.165     75.656
20180307     160915     P09     9.650     12.300     6.250     72.676     3.25     76.567     77.361
20180307     160915     P09     9.650     12.300     6.250     72.676     3.50     78.478     79.497
20180307     160915     P09     9.650     12.300     6.250     72.676     3.75     80.843     82.250
20180307     160915     P09     9.650     12.300     6.250     72.676     4.00     83.635     85.326
20180307     160915     P09     9.650     12.300     6.250     72.676     4.25     86.75     88.876
20180307     160915     P09     9.650     12.300     6.250     72.676     4.50     90.276     92.876
20180307     160915     P09     9.650     12.300     6.250     72.676     4.75     94.755     96.766
20180307     160915     P09     9.650     12.300     6.250     72.676     5.00     98.89     101.580
20180307     160915     P09     9.650     12.300     6.250     72.676     5.25     103.887     106.429
20180307     160915     P09     9.650     12.300     6.250     72.676     5.50     108.568     111.489
20180307     160915     P09     9.650     12.300     6.250     72.676     5.75     113.786     116.696
20180307     160915     P09     9.650     12.300     6.250     72.676     6.00     119.544     121.974
20180307     160915     P09     9.650     12.300     6.250     72.676     6.25     125.466     127.315
20180307     160915     P09     9.650     12.300     6.250     72.676     6.50     131.677     132.567
20180307     160915     P09     9.650     12.300     6.250     72.676     6.75     137.232     137.658
20180307     160915     P09     9.650     12.300     6.250     72.676     7.00     142.732     142.732
20180307     172040     P10     9.200     12.300     5.500     72.293     0.00     72.293     72.319
20180307     172040     P10     9.200     12.300     5.500     72.293     0.25     72.303     72.319
20180307     172040     P10     9.200     12.300     5.500     72.293     0.50     72.303     72.325
20180307     172040     P10     9.200     12.300     5.500     72.293     0.75     72.299     72.321
20180307     172040     P10     9.200     12.300     5.500     72.293     1.00     72.293     72.339
20180307     172040     P10     9.200     12.300     5.500     72.293     1.25     72.299     72.330
20180307     172040     P10     9.200     12.300     5.500     72.293     1.50     72.303     72.329
20180307     172040     P10     9.200     12.300     5.500     72.293     1.75     72.311     72.340
20180307     172040     P10     9.200     12.300     5.500     72.293     2.00     72.41     72.447
20180307     172040     P10     9.200     12.300     5.500     72.293     2.25     72.64     72.714
20180307     172040     P10     9.200     12.300     5.500     72.293     2.50     72.126     73.322
20180307     172040     P10     9.200     12.300     5.500     72.293     2.75     73.914     74.210
20180307     172040     P10     9.200     12.300     5.500     72.293     3.00     75.064     75.690
20180307     172040     P10     9.200     12.300     5.500     72.293     3.25     76.626     77.579
20180307     172040     P10     9.200     12.300     5.500     72.293     3.50     78.688     79.944
20180307     172040     P10     9.200     12.300     5.500     72.293     3.75     81.403     82.810
20180307     172040     P10     9.200     12.300     5.500     72.293     4.00     84.397     86.271
20180307     172040     P10     9.200     12.300     5.500     72.293     4.25     88.346     90.185
20180307     172040     P10     9.200     12.300     5.500     72.293     4.50     92.365     94.502
20180307     172040     P10     9.200     12.300     5.500     72.293     4.75     96.89     99.080
20180307     172040     P10     9.200     12.300     5.500     72.293     5.00     101.92     104.220
20180307     172040     P10     9.200     12.300     5.500     72.293     5.25     107.667     109.685
20180307     172040     P10     9.200     12.300     5.500     72.293     5.50     113.227     115.226
20180307     172040     P10     9.200     12.300     5.500     72.293     5.75     118.935     120.773
20180307     172040     P10     9.200     12.300     5.500     72.293     6.00     125.456     126.875
20180307     172040     P10     9.200     12.300     5.500     72.293     6.25     131.766     132.769
20180307     172040     P10     9.200     12.300     5.500     72.293     6.50     138.343     139.020
20180307     172040     P10     9.200     12.300     5.500     72.293     6.75     144.854     145.178
20180307     172040     P10     9.200     12.300     5.500     72.293     7.00     151.222     151.222
20180307     173510     P11     10.100     12.300     7.600     72.346     0.00     72.346     72.374
20180307     173510     P11     10.100     12.300     7.600     72.346     0.25     72.339     72.370
20180307     173510     P11     10.100     12.300     7.600     72.346     0.50     72.329     72.371
20180307     173510     P11     10.100     12.300     7.600     72.346     0.75     72.326     72.377
20180307     173510     P11     10.100     12.300     7.600     72.346     1.00     72.327     72.373
20180307     173510     P11     10.100     12.300     7.600     72.346     1.25     72.336     72.366
20180307     173510     P11     10.100     12.300     7.600     72.346     1.50     72.34     72.370
20180307     173510     P11     10.100     12.300     7.600     72.346     1.75     72.354     72.397
20180307     173510     P11     10.100     12.300     7.600     72.346     2.00     72.442     72.490
20180307     173510     P11     10.100     12.300     7.600     72.346     2.25     72.62     72.747
20180307     173510     P11     10.100     12.300     7.600     72.346     2.50     73.04     73.267
20180307     173510     P11     10.100     12.300     7.600     72.346     2.75     73.757     74.123
20180307     173510     P11     10.100     12.300     7.600     72.346     3.00     74.749     75.385
20180307     173510     P11     10.100     12.300     7.600     72.346     3.25     76.11     77.085
20180307     173510     P11     10.100     12.300     7.600     72.346     3.50     77.881     79.273
20180307     173510     P11     10.100     12.300     7.600     72.346     3.75     80.154     81.912
20180307     173510     P11     10.100     12.300     7.600     72.346     4.00     82.632     84.927
20180307     173510     P11     10.100     12.300     7.600     72.346     4.25     85.757     87.886
20180307     173510     P11     10.100     12.300     7.600     72.346     4.50     89.254     92.303
20180307     173510     P11     10.100     12.300     7.600     72.346     4.75     93.245     96.254
20180307     173510     P11     10.100     12.300     7.600     72.346     5.00     97.453     100.967
20180307     173510     P11     10.100     12.300     7.600     72.346     5.25     101.888     105.683
20180307     173510     P11     10.100     12.300     7.600     72.346     5.50     106.67     110.525
20180307     173510     P11     10.100     12.300     7.600     72.346     5.75     112.205     115.478
20180307     173510     P11     10.100     12.300     7.600     72.346     6.00     117.233     120.493
20180307     173510     P11     10.100     12.300     7.600     72.346     6.25     122.765     125.559
20180307     173510     P11     10.100     12.300     7.600     72.346     6.50     128.097     130.595
20180307     173510     P11     10.100     12.300     7.600     72.346     6.75     133.927     135.347
20180307     173510     P11     10.100     12.300     7.600     72.346     7.00     140.119     140.119
20180507     123545     P12     8.900     12.300     8.050     69.410     0.00     69.41     70.468
20180507     123545     P12     8.900     12.300     8.050     69.410     0.25     69.43     70.440
20180507     123545     P12     8.900     12.300     8.050     69.410     0.50     69.46     70.435
20180507     123545     P12     8.900     12.300     8.050     69.410     0.75     69.47     70.430
20180507     123545     P12     8.900     12.300     8.050     69.410     1.00     69.49     70.422
20180507     123545     P12     8.900     12.300     8.050     69.410     1.25     69.51     70.417
20180507     123545     P12     8.900     12.300     8.050     69.410     1.50     69.549     70.404
20180507     123545     P12     8.900     12.300     8.050     69.410     1.75     69.6     70.416
20180507     123545     P12     8.900     12.300     8.050     69.410     2.00     69.71     70.520
20180507     123545     P12     8.900     12.300     8.050     69.410     2.25     69.978     70.795
20180507     123545     P12     8.900     12.300     8.050     69.410     2.50     70.485     71.390
20180507     123545     P12     8.900     12.300     8.050     69.410     2.75     71.29     72.285
20180507     123545     P12     8.900     12.300     8.050     69.410     3.00     72.475     73.690
20180507     123545     P12     8.900     12.300     8.050     69.410     3.25     74.136     75.615
20180507     123545     P12     8.900     12.300     8.050     69.410     3.50     76.351     77.982
20180507     123545     P12     8.900     12.300     8.050     69.410     3.75     79.235     80.989
20180507     123545     P12     8.900     12.300     8.050     69.410     4.00     82.447     84.464
20180507     123545     P12     8.900     12.300     8.050     69.410     4.25     86.359     88.474
20180507     123545     P12     8.900     12.300     8.050     69.410     4.50     90.893     92.800
20180507     123545     P12     8.900     12.300     8.050     69.410     4.75     95.355     97.630
20180507     123545     P12     8.900     12.300     8.050     69.410     5.00     100.524     102.776
20180507     123545     P12     8.900     12.300     8.050     69.410     5.25     106.325     107.940
20180507     123545     P12     8.900     12.300     8.050     69.410     5.50     112.335     113.786
20180507     123545     P12     8.900     12.300     8.050     69.410     5.75     117.856     119.730
20180507     123545     P12     8.900     12.300     8.050     69.410     6.00     124.643     125.727
20180507     123545     P12     8.900     12.300     8.050     69.410     6.25     131.13     131.888
20180507     123545     P12     8.900     12.300     8.050     69.410     6.50     137.89     138.112
20180507     123545     P12     8.900     12.300     8.050     69.410     6.75     144.257     144.450
20180507     123545     P12     8.900     12.300     8.050     69.410     7.00     150.715     150.715
20180308     110625     P13     9.350     12.300     7.150     70.287     0.00     70.287     71.110
20180308     110625     P13     9.350     12.300     7.150     70.287     0.25     70.313     71.110
20180308     110625     P13     9.350     12.300     7.150     70.287     0.50     70.313     71.104
20180308     110625     P13     9.350     12.300     7.150     70.287     0.75     70.318     71.102
20180308     110625     P13     9.350     12.300     7.150     70.287     1.00     70.315     71.105
20180308     110625     P13     9.350     12.300     7.150     70.287     1.25     70.323     71.087
20180308     110625     P13     9.350     12.300     7.150     70.287     1.50     70.329     71.088
20180308     110625     P13     9.350     12.300     7.150     70.287     1.75     70.374     71.098
20180308     110625     P13     9.350     12.300     7.150     70.287     2.00     70.475     71.160
20180308     110625     P13     9.350     12.300     7.150     70.287     2.25     70.712     71.423
20180308     110625     P13     9.350     12.300     7.150     70.287     2.50     71.156     71.949
20180308     110625     P13     9.350     12.300     7.150     70.287     2.75     71.908     72.845
20180308     110625     P13     9.350     12.300     7.150     70.287     3.00     73.018     74.095
20180308     110625     P13     9.350     12.300     7.150     70.287     3.25     74.518     75.835
20180308     110625     P13     9.350     12.300     7.150     70.287     3.50     76.424     78.125
20180308     110625     P13     9.350     12.300     7.150     70.287     3.75     78.845     80.868
20180308     110625     P13     9.350     12.300     7.150     70.287     4.00     81.818     83.998
20180308     110625     P13     9.350     12.300     7.150     70.287     4.25     85.275     87.658
20180308     110625     P13     9.350     12.300     7.150     70.287     4.50     89.24     91.724
20180308     110625     P13     9.350     12.300     7.150     70.287     4.75     93.475     96.078
20180308     110625     P13     9.350     12.300     7.150     70.287     5.00     98.065     100.782
20180308     110625     P13     9.350     12.300     7.150     70.287     5.25     103.045     105.756
20180308     110625     P13     9.350     12.300     7.150     70.287     5.50     108.545     110.932
20180308     110625     P13     9.350     12.300     7.150     70.287     5.75     113.959     116.171
20180308     110625     P13     9.350     12.300     7.150     70.287     6.00     119.475     121.572
20180308     110625     P13     9.350     12.300     7.150     70.287     6.25     125.234     127.052
20180308     110625     P13     9.350     12.300     7.150     70.287     6.50     131.276     132.394
20180308     110625     P13     9.350     12.300     7.150     70.287     6.75     137.165     138.125
20180308     110625     P13     9.350     12.300     7.150     70.287     7.00     143.565     143.565
20180308     112825     P14     10.700     12.300     8.350     71.275     0.00     71.275     72.265
20180308     112825     P14     10.700     12.300     8.350     71.275     0.25     71.312     72.262
20180308     112825     P14     10.700     12.300     8.350     71.275     0.50     71.313     72.256
20180308     112825     P14     10.700     12.300     8.350     71.275     0.75     71.315     72.256
20180308     112825     P14     10.700     12.300     8.350     71.275     1.00     71.34     72.252
20180308     112825     P14     10.700     12.300     8.350     71.275     1.25     71.392     72.245
20180308     112825     P14     10.700     12.300     8.350     71.275     1.50     71.383     72.253
20180308     112825     P14     10.700     12.300     8.350     71.275     1.75     71.434     72.275
20180308     112825     P14     10.700     12.300     8.350     71.275     2.00     71.565     72.386
20180308     112825     P14     10.700     12.300     8.350     71.275     2.25     71.837     72.687
20180308     112825     P14     10.700     12.300     8.350     71.275     2.50     72.33     73.285
20180308     112825     P14     10.700     12.300     8.350     71.275     2.75     73.125     74.267
20180308     112825     P14     10.700     12.300     8.350     71.275     3.00     74.315     75.742
20180308     112825     P14     10.700     12.300     8.350     71.275     3.25     75.935     77.627
20180308     112825     P14     10.700     12.300     8.350     71.275     3.50     78.056     80.110
20180308     112825     P14     10.700     12.300     8.350     71.275     3.75     80.565     83.036
20180308     112825     P14     10.700     12.300     8.350     71.275     4.00     83.616     86.499
20180308     112825     P14     10.700     12.300     8.350     71.275     4.25     87.155     90.447
20180308     112825     P14     10.700     12.300     8.350     71.275     4.50     90.254     94.812
20180308     112825     P14     10.700     12.300     8.350     71.275     4.75     95.676     99.535
20180308     112825     P14     10.700     12.300     8.350     71.275     5.00     100.567     104.492
20180308     112825     P14     10.700     12.300     8.350     71.275     5.25     105.555     109.836
20180308     112825     P14     10.700     12.300     8.350     71.275     5.50     111.167     115.140
20180308     112825     P14     10.700     12.300     8.350     71.275     5.75     116.92     120.855
20180308     112825     P14     10.700     12.300     8.350     71.275     6.00     122.945     125.824
20180308     112825     P14     10.700     12.300     8.350     71.275     6.25     129.259     132.069
20180308     112825     P14     10.700     12.300     8.350     71.275     6.50     135.876     137.887
20180308     112825     P14     10.700     12.300     8.350     71.275     6.75     142.767     143.529
20180308     112825     P14     10.700     12.300     8.350     71.275     7.00     148.875     148.875
20180308     114735     P15     9.800     12.300     8.500     72.395     0.00     72.395     73.022
20180308     114735     P15     9.800     12.300     8.500     72.395     0.25     72.415     73.025
20180308     114735     P15     9.800     12.300     8.500     72.395     0.50     72.413     73.022
20180308     114735     P15     9.800     12.300     8.500     72.395     0.75     72.467     73.015
20180308     114735     P15     9.800     12.300     8.500     72.395     1.00     72.486     72.990
20180308     114735     P15     9.800     12.300     8.500     72.395     1.25     72.519     73.010
20180308     114735     P15     9.800     12.300     8.500     72.395     1.50     72.513     72.995
20180308     114735     P15     9.800     12.300     8.500     72.395     1.75     72.55     73.013
20180308     114735     P15     9.800     12.300     8.500     72.395     2.00     72.634     73.112
20180308     114735     P15     9.800     12.300     8.500     72.395     2.25     72.891     73.410
20180308     114735     P15     9.800     12.300     8.500     72.395     2.50     73.37     74.010
20180308     114735     P15     9.800     12.300     8.500     72.395     2.75     74.17     74.995
20180308     114735     P15     9.800     12.300     8.500     72.395     3.00     75.335     76.465
20180308     114735     P15     9.800     12.300     8.500     72.395     3.25     77.043     78.320
20180308     114735     P15     9.800     12.300     8.500     72.395     3.50     79.149     80.915
20180308     114735     P15     9.800     12.300     8.500     72.395     3.75     81.756     83.977
20180308     114735     P15     9.800     12.300     8.500     72.395     4.00     84.923     87.576
20180308     114735     P15     9.800     12.300     8.500     72.395     4.25     88.469     91.630
20180308     114735     P15     9.800     12.300     8.500     72.395     4.50     92.578     96.153
20180308     114735     P15     9.800     12.300     8.500     72.395     4.75     97.31     101.030
20180308     114735     P15     9.800     12.300     8.500     72.395     5.00     102.423     106.135
20180308     114735     P15     9.800     12.300     8.500     72.395     5.25     107.876     111.467
20180308     114735     P15     9.800     12.300     8.500     72.395     5.50     113.563     117.221
20180308     114735     P15     9.800     12.300     8.500     72.395     5.75     119.645     123.104
20180308     114735     P15     9.800     12.300     8.500     72.395     6.00     125.865     129.052
20180308     114735     P15     9.800     12.300     8.500     72.395     6.25     132.775     135.035
20180308     114735     P15     9.800     12.300     8.500     72.395     6.50     138.945     141.123
20180308     114735     P15     9.800     12.300     8.500     72.395     6.75     145.77     146.775
20180308     114735     P15     9.800     12.300     8.500     72.395     7.00     152.867     152.867
20180308     120845     P16     11.000     12.300     5.200     73.282     0.00     73.282     73.683
20180308     120845     P16     11.000     12.300     5.200     73.282     0.25     73.292     73.680
20180308     120845     P16     11.000     12.300     5.200     73.282     0.50     73.285     73.676
20180308     120845     P16     11.000     12.300     5.200     73.282     0.75     73.293     73.666
20180308     120845     P16     11.000     12.300     5.200     73.282     1.00     73.305     73.663
20180308     120845     P16     11.000     12.300     5.200     73.282     1.25     73.305     73.659
20180308     120845     P16     11.000     12.300     5.200     73.282     1.50     73.315     73.667
20180308     120845     P16     11.000     12.300     5.200     73.282     1.75     73.325     73.686
20180308     120845     P16     11.000     12.300     5.200     73.282     2.00     73.435     73.808
20180308     120845     P16     11.000     12.300     5.200     73.282     2.25     73.73     74.146
20180308     120845     P16     11.000     12.300     5.200     73.282     2.50     74.275     74.817
20180308     120845     P16     11.000     12.300     5.200     73.282     2.75     75.191     75.910
20180308     120845     P16     11.000     12.300     5.200     73.282     3.00     76.564     77.615
20180308     120845     P16     11.000     12.300     5.200     73.282     3.25     78.521     79.812
20180308     120845     P16     11.000     12.300     5.200     73.282     3.50     91.065     82.593
20180308     120845     P16     11.000     12.300     5.200     73.282     3.75     84.175     86.108
20180308     120845     P16     11.000     12.300     5.200     73.282     4.00     87.921     90.205
20180308     120845     P16     11.000     12.300     5.200     73.282     4.25     92.467     94.673
20180308     120845     P16     11.000     12.300     5.200     73.282     4.50     97.543     99.678
20180308     120845     P16     11.000     12.300     5.200     73.282     4.75     103.343     105.176
20180308     120845     P16     11.000     12.300     5.200     73.282     5.00     109.406     110.982
20180308     120845     P16     11.000     12.300     5.200     73.282     5.25     115.697     117.535
20180308     120845     P16     11.000     12.300     5.200     73.282     5.50     122.645     124.089
20180308     120845     P16     11.000     12.300     5.200     73.282     5.75     129.876     130.776
20180308     120845     P16     11.000     12.300     5.200     73.282     6.00     136.933     137.865
20180308     120845     P16     11.000     12.300     5.200     73.282     6.25     144.345     144.751
20180308     120845     P16     11.000     12.300     5.200     73.282     6.50     151.467     151.527
20180308     120845     P16     11.000     12.300     5.200     73.282     6.75     158.767     159.020
20180308     120845     P16     11.000     12.300     5.200     73.282     7.00     166.346     166.346
20180308     122630     P17     10.100     12.300     5.050     73.756     0.00     73.756     74.138
20180308     122630     P17     10.100     12.300     5.050     73.756     0.25     73.749     74.131
20180308     122630     P17     10.100     12.300     5.050     73.756     0.50     73.754     74.106
20180308     122630     P17     10.100     12.300     5.050     73.756     0.75     73.756     74.104
20180308     122630     P17     10.100     12.300     5.050     73.756     1.00     73.765     74.105
20180308     122630     P17     10.100     12.300     5.050     73.756     1.25     73.775     74.094
20180308     122630     P17     10.100     12.300     5.050     73.756     1.50     73.778     74.089
20180308     122630     P17     10.100     12.300     5.050     73.756     1.75     73.812     74.117
20180308     122630     P17     10.100     12.300     5.050     73.756     2.00     73.92     74.238
20180308     122630     P17     10.100     12.300     5.050     73.756     2.25     74.188     74.562
20180308     122630     P17     10.100     12.300     5.050     73.756     2.50     74.746     75.232
20180308     122630     P17     10.100     12.300     5.050     73.756     2.75     75.664     76.310
20180308     122630     P17     10.100     12.300     5.050     73.756     3.00     77.045     77.945
20180308     122630     P17     10.100     12.300     5.050     73.756     3.25     78.924     79.985
20180308     122630     P17     10.100     12.300     5.050     73.756     3.50     81.464     82.642
20180308     122630     P17     10.100     12.300     5.050     73.756     3.75     84.48     86.217
20180308     122630     P17     10.100     12.300     5.050     73.756     4.00     88.274     90.158
20180308     122630     P17     10.100     12.300     5.050     73.756     4.25     92.357     94.620
20180308     122630     P17     10.100     12.300     5.050     73.756     4.50     97.465     99.708
20180308     122630     P17     10.100     12.300     5.050     73.756     4.75     103.456     105.065
20180308     122630     P17     10.100     12.300     5.050     73.756     5.00     108.982     110.927
20180308     122630     P17     10.100     12.300     5.050     73.756     5.25     114.976     116.783
20180308     122630     P17     10.100     12.300     5.050     73.756     5.50     121.872     123.286
20180308     122630     P17     10.100     12.300     5.050     73.756     5.75     128.677     129.924
20180308     122630     P17     10.100     12.300     5.050     73.756     6.00     135.823     136.720
20180308     122630     P17     10.100     12.300     5.050     73.756     6.25     142.915     143.693
20180308     122630     P17     10.100     12.300     5.050     73.756     6.50     150.367     150.979
20180308     122630     P17     10.100     12.300     5.050     73.756     6.75     158.387     158.030
20180308     122630     P17     10.100     12.300     5.050     73.756     7.00     165.067     165.067
20180308     124440     P18     11.600     12.300     6.100     74.216     0.00     74.216     74.658
20180308     124440     P18     11.600     12.300     6.100     74.216     0.25     74.229     74.655
20180308     124440     P18     11.600     12.300     6.100     74.216     0.50     74.253     74.645
20180308     124440     P18     11.600     12.300     6.100     74.216     0.75     74.258     74.648
20180308     124440     P18     11.600     12.300     6.100     74.216     1.00     74.267     74.635
20180308     124440     P18     11.600     12.300     6.100     74.216     1.25     74.275     74.637
20180308     124440     P18     11.600     12.300     6.100     74.216     1.50     74.283     74.627
20180308     124440     P18     11.600     12.300     6.100     74.216     1.75     74.295     74.664
20180308     124440     P18     11.600     12.300     6.100     74.216     2.00     74.447     74.821
20180308     124440     P18     11.600     12.300     6.100     74.216     2.25     74.847     75.266
20180308     124440     P18     11.600     12.300     6.100     74.216     2.50     75.635     76.115
20180308     124440     P18     11.600     12.300     6.100     74.216     2.75     76.925     77.533
20180308     124440     P18     11.600     12.300     6.100     74.216     3.00     78.828     79.559
20180308     124440     P18     11.600     12.300     6.100     74.216     3.25     81.467     82.384
20180308     124440     P18     11.600     12.300     6.100     74.216     3.50     84.934     85.866
20180308     124440     P18     11.600     12.300     6.100     74.216     3.75     89.043     90.119
20180308     124440     P18     11.600     12.300     6.100     74.216     4.00     93.883     95.290
20180308     124440     P18     11.600     12.300     6.100     74.216     4.25     99.69     100.145
20180308     124440     P18     11.600     12.300     6.100     74.216     4.50     105.912     106.670
20180308     124440     P18     11.600     12.300     6.100     74.216     4.75     112.656     113.842
20180308     124440     P18     11.600     12.300     6.100     74.216     5.00     120.423     120.967
20180308     124440     P18     11.600     12.300     6.100     74.216     5.25     128.33     128.853
20180308     124440     P18     11.600     12.300     6.100     74.216     5.50     136.45     136.898
20180308     124440     P18     11.600     12.300     6.100     74.216     5.75     145.11     145.234
20180308     124440     P18     11.600     12.300     6.100     74.216     6.00     154.22     153.445
20180308     124440     P18     11.600     12.300     6.100     74.216     6.25     162.387     162.095
20180308     124440     P18     11.600     12.300     6.100     74.216     6.50     172.083     171.036
20180308     124440     P18     11.600     12.300     6.100     74.216     6.75     179.911     179.839
20180308     124440     P18     11.600     12.300     6.100     74.216     7.00     188.824     188.824
